traj t P Eplaq Esym tsqEplaq tsqEsym Wsym
000124 0.010000 0.570106202730 15.476176701710 2.172921346979 0.001547617670 0.000217292135 0.000431954091 
000124 0.030000 0.626234794128 13.455547411388 2.109944332468 0.012109992670 0.001898949899 0.003700272346 
000124 0.050000 0.676237100225 11.655464391912 2.029398365357 0.029138660980 0.005073495913 0.009599330281 
000124 0.070000 0.720138805219 10.075003012099 1.935847260697 0.049367514759 0.009485651577 0.017284669588 
000124 0.090000 0.758262766215 8.702540416248 1.833788477510 0.070490577372 0.014853686668 0.025889005512 
000124 0.110000 0.791108028031 7.520110990868 1.727269961764 0.090993342990 0.020899966537 0.034650231451 
000124 0.130000 0.819253321551 6.506880424174 1.619676425777 0.109966279169 0.027372531596 0.042981093167 
000124 0.150000 0.843289978270 5.641560782297 1.513659369402 0.126935117602 0.034057335812 0.050487501442 
000124 0.170000 0.863780804326 4.903891044278 1.411166814649 0.141722451180 0.040782720943 0.056952083785 
000124 0.190000 0.881238396290 4.275417733551 1.313529557660 0.154342580181 0.047418417032 0.062299914384 
000124 0.210000 0.896116448609 3.739807850075 1.221570633176 0.164925526188 0.053871264923 0.066559228184 
000124 0.230000 0.908808944723 3.282877989986 1.135716295209 0.173664245670 0.060079392017 0.069824940299 
000124 0.250000 0.919653664361 2.892468082991 1.056096516774 0.180779255187 0.066006032298 0.072228709450 
000124 0.270000 0.928937723465 2.558241955276 0.982629797665 0.186495838540 0.071633712250 0.073916553532 
000124 0.290000 0.936903786288 2.271463693626 0.915091236634 0.191030096634 0.076959173001 0.075033485294 
000124 0.310000 0.943756196142 2.024776938871 0.853165071876 0.194581063825 0.081989163407 0.075713946087 
000124 0.330000 0.949666645794 1.812000751431 0.796483893432 0.197326881831 0.086737095995 0.076076648561 
000124 0.350000 0.954779228126 1.627947787454 0.744656992212 0.199423603963 0.091220481546 0.076222544446 
000124 0.370000 0.959214829881 1.468266124300 0.697290177625 0.201005632417 0.095459025317 0.076234848408 
000124 0.390000 0.963074895016 1.329303779422 0.653999086382 0.202187104850 0.099473261039 0.076180286018 
000124 0.410000 0.966444614192 1.207993889072 0.614417646205 0.203063772753 0.103283606327 0.076110957156 
000124 0.430000 0.969395607975 1.101758112903 0.578203016810 0.203715075076 0.106909737808 0.076066405368 
000124 0.450000 0.971988172473 1.008425790963 0.545038034596 0.204206222670 0.110370202006 0.076075651444 
000124 0.470000 0.974273152161 0.926166522204 0.514631942100 0.204590184755 0.113682196010 0.076159073973 
000124 0.490000 0.976293498305 0.853434061020 0.486719983589 0.204909518051 0.116861468060 0.076330092793 
000124 0.510000 0.978085564234 0.788919687564 0.461062287902 0.205198010735 0.119922301083 0.076596640792 
000124 0.530000 0.979680181432 0.731513468451 0.437442334678 0.205482133288 0.122877551811 0.076962417605 
000124 0.550000 0.981103553647 0.680272068718 0.415665206737 0.205782300787 0.125738725038 0.077427927611 
000124 0.570000 0.982378000184 0.634391993371 0.395555765075 0.206113958646 0.128516068073 0.077991321196 
000124 0.590000 0.983522574331 0.593187324082 0.376956837061 0.206488507513 0.131218674981 0.078649073580 
000124 0.610000 0.984553578471 0.556071175029 0.359727476159 0.206914084228 0.133854593879 0.079396537691 
000124 0.630000 0.985484993739 0.522540225397 0.343741328025 0.207396215460 0.136430933093 0.080228395210 
000124 0.650000 0.986328838929 0.492161798551 0.328885120435 0.207938359888 0.138953963384 0.081139013853 
000124 0.670000 0.987095470776 0.464563052058 0.315057282510 0.208542354069 0.141429214119 0.082122711886 
000124 0.690000 0.987793835542 0.439421920496 0.302166691439 0.209208776348 0.143861561794 0.083173936619 
000124 0.710000 0.988431680106 0.416459516192 0.290131541305 0.209937242112 0.146255309972 0.084287374317 
000124 0.730000 0.989015729332 0.395433744058 0.278878327029 0.210726642208 0.148614260474 0.085458014182 
000124 0.750000 0.989551835329 0.376133928140 0.268340935614 0.211575334579 0.150941776283 0.086681184968 
000124 0.770000 0.990045103285 0.358376281726 0.258459836226 0.212481297435 0.153240836899 0.087952573965 
000124 0.790000 0.990499997737 0.342000081466 0.249181360203 0.213442250843 0.155514086902 0.089268231280 
000124 0.810000 0.990920432503 0.326864429883 0.240457062026 0.214455752446 0.157763878395 0.090624560405 
000124 0.830000 0.991309846930 0.312845510515 0.232243152688 0.215519272194 0.159992307886 0.092018297463 
000124 0.850000 0.991671270658 0.299834256297 0.224499997520 0.216630250175 0.162201248208 0.093446483350 
000124 0.870000 0.992007378746 0.287734365140 0.217191671332 0.217786140975 0.164392376032 0.094906433113 
000124 0.890000 0.992320538676 0.276460607670 0.210285564402 0.218984447335 0.166567195563 0.096395705596 
000124 0.910000 0.992612850524 0.265937381149 0.203752033514 0.220222745330 0.168727058953 0.097912074737 
000124 0.930000 0.992886181358 0.256097471112 0.197564092832 0.221498702765 0.170873183890 0.099453503243 
000124 0.950000 0.993142194764 0.246880988500 0.191697139943 0.222810092121 0.173006668799 0.101018120012 
000124 0.970000 0.993382376243 0.238234455265 0.186128712981 0.224154798958 0.175128506043 0.102604203644 
000124 0.990000 0.993608055119 0.230110015724 0.180838275212 0.225530826411 0.177239593535 0.104210174352 
000124 1.010000 0.993820423483 0.222464754619 0.175807023921 0.226936296186 0.179340745102 0.105834594522 
000124 1.030000 0.994020552614 0.215260105902 0.171017720731 0.228369446351 0.181432699924 0.107476174436 
000124 1.050000 0.994209407249 0.208461339043 0.166454540744 0.229828626294 0.183516131170 0.109133776396 
000124 1.070000 0.994387858003 0.202037111902 0.162102938101 0.231312289416 0.185591653831 0.110806409943 
000124 1.090000 0.994556692189 0.195959081209 0.157949525818 0.232818984384 0.187659831625 0.112493214320 
000124 1.110000 0.994716623246 0.190201563143 0.153981968051 0.234347345948 0.189721182836 0.114193430189 
000124 1.130000 0.994868298954 0.184741237645 0.150188883303 0.235896086348 0.191776185090 0.115906367764 
000124 1.150000 0.995012308588 0.179556890828 0.146559757404 0.237463988119 0.193825279167 0.117631380195 
000124 1.170000 0.995149189155 0.174629190430 0.143084865317 0.239049898780 0.195868872132 0.119367848855 
000124 1.190000 0.995279430842 0.169940489704 0.139755200947 0.240652727470 0.197907340061 0.121115182854 
000124 1.210000 0.995403481789 0.165474655592 0.136562414215 0.242271443252 0.199941030652 0.122872830909 
000124 1.230000 0.995521752291 0.161216917533 0.133498754636 0.243905074536 0.201970265889 0.124640300950 
000124 1.250000 0.995634618507 0.157153733760 0.130557020691 0.245552708999 0.203995344829 0.126417181590 
000124 1.270000 0.995742425765 0.153272672442 0.127730514290 0.247213493382 0.206016546499 0.128203159297 
000124 1.290000 0.995845491512 0.149562305581 0.125012999669 0.248886632718 0.208034132749 0.129998025602 
000124 1.310000 0.995944107945 0.146012113981 0.122398666109 0.250571388802 0.210048350909 0.131801670271 
000124 1.330000 0.996038544388 0.142612402044 0.119882093966 0.252267077976 0.212059436017 0.133614059497 
000124 1.350000 0.996129049405 0.139354221418 0.117458223570 0.253973068535 0.214067612456 0.135435202644 
000124 1.370000 0.996215852704 0.136229302653 0.115122326681 0.255688778149 0.216073094947 0.137265115454 
000124 1.390000 0.996299166830 0.133229994124 0.112869980310 0.257413671646 0.218076088957 0.139103789968 
000124 1.410000 0.996379188683 0.130349207409 0.110697042780 0.259147259249 0.220076790752 0.140951179999 
000124 1.430000 0.996456100881 0.127580368295 0.108599631954 0.260889095126 0.222075387382 0.142807205702 
000124 1.450000 0.996530072983 0.124917372595 0.106574105515 0.262638775882 0.224072056844 0.144671773340 
000124 1.470000 0.996601262609 0.122354546061 0.104617043157 0.264395938583 0.226066968559 0.146544800076 
000124 1.490000 0.996669816449 0.119886607846 0.102725230452 0.266160258080 0.228060284126 0.148426231742 
000124 1.510000 0.996735871189 0.117508637184 0.100895644126 0.267931443642 0.230052158171 0.150316045399 
000124 1.530000 0.996799554359 0.115216043088 0.099125438530 0.269709235264 0.232042739056 0.152214236388 
000124 1.550000 0.996860985083 0.113004536996 0.097411933116 0.271493400133 0.234032169311 0.154120797358 
000124 1.570000 0.996920274772 0.110870108224 0.095752600825 0.273283729760 0.236020585774 0.156035700469 
000124 1.590000 0.996977527721 0.108809002036 0.094145057377 0.275080038047 0.238008119555 0.157958892063 
000124 1.610000 0.997032841665 0.106817700045 0.092587051443 0.276882160287 0.239994896047 0.159890303207 
000124 1.630000 0.997086308262 0.104892902559 0.091076455700 0.278689952809 0.241981035149 0.161829872776 
000124 1.650000 0.997138013541 0.103031512511 0.089611258696 0.280503292811 0.243966651800 0.163777575088 
000124 1.670000 0.997188038315 0.101230620644 0.088189557458 0.282322077913 0.245951856794 0.165733442825 
000124 1.690000 0.997236458564 0.099487491710 0.086809550703 0.284146225074 0.247936757763 0.167697577919 
000124 1.710000 0.997283345790 0.097799551554 0.085469532552 0.285975668698 0.249921460135 0.169670147032 
000124 1.730000 0.997328767361 0.096164375009 0.084167886631 0.287810357965 0.251906067899 0.171651362750 
000124 1.750000 0.997372786816 0.094579674640 0.082903080504 0.289650253585 0.253890684042 0.173641455198 
000124 1.770000 0.997415464157 0.093043290335 0.081673660383 0.291495324290 0.255875410615 0.175640640593 
000124 1.790000 0.997456856117 0.091553179795 0.080478246138 0.293345543381 0.257860348452 0.177649093021 
000124 1.810000 0.997497016391 0.090107409916 0.079315526580 0.295200885626 0.259845596628 0.179666923994 
000124 1.830000 0.997535995860 0.088704149039 0.078184255062 0.297061324715 0.261831251779 0.181694171857 
000124 1.850000 0.997573842777 0.087341660011 0.077083245403 0.298926831388 0.263817407391 0.183730800801 
000124 1.870000 0.997610602945 0.086018293992 0.076011368118 0.300797372260 0.265804153172 0.185776707639 
000124 1.890000 0.997646319864 0.084732484898 0.074967546975 0.302672909303 0.267791574550 0.187831733718 
000124 1.910000 0.997681034877 0.083482744414 0.073950755831 0.304553399896 0.269779752348 0.189895679356 
000124 1.930000 0.997714787292 0.082267657472 0.072960015739 0.306438797317 0.271768762625 0.191968318635 
000124 1.950000 0.997747614497 0.081085878125 0.071994392287 0.308329051570 0.273758676673 0.194049412995 
000124 1.970000 0.997779552063 0.079936125743 0.071052993159 0.310224110396 0.275749561149 0.196138722731 
000124 1.990000 0.997810633848 0.078817181483 0.070134965859 0.312123920389 0.277741478297 0.198236015960 
000124 2.010000 0.997840892084 0.077727884975 0.069239495616 0.314028428089 0.279734486237 0.200341075010 
000124 2.030000 0.997870357466 0.076667131208 0.068365803415 0.315937580994 0.281728639294 0.202453700375 
000124 2.050000 0.997899059234 0.075633867560 0.067513144160 0.317851328423 0.283723988334 0.204573712535 
000124 2.070000 0.997927025250 0.074627090990 0.066680804942 0.319769622184 0.285720581098 0.206700951965 
000124 2.090000 0.997954282074 0.073645845339 0.065868103409 0.321692417027 0.287718462503 0.208835277673 
000124 2.110000 0.997980855034 0.072689218767 0.065074386227 0.323619670874 0.289717674922 0.210976564617 
000124 2.130000 0.998006768297 0.071756341295 0.064299027620 0.325551344821 0.291718258409 0.213124700319 
000124 2.150000 0.998032044931 0.070846382466 0.063541427992 0.327487402950 0.293720250891 0.215279580979 
000124 2.170000 0.998056706969 0.069958549123 0.062801012615 0.329427811966 0.295723688302 0.217441107373 
000124 2.190000 0.998080775464 0.069092083295 0.062077230392 0.331372540690 0.297728604684 0.219609180787 
000124 2.210000 0.998104270550 0.068246260206 0.061369552679 0.333321559473 0.299735032242 0.221783699226 
000124 2.230000 0.998127211489 0.067420386402 0.060677472172 0.335274839537 0.301743001362 0.223964554064 
000124 2.250000 0.998149616723 0.066613797988 0.060000501848 0.337232352316 0.303752540608 0.226151627301 
000124 2.270000 0.998171503917 0.065825858995 0.059338173978 0.339194068813 0.305763676690 0.228344789504 
000124 2.290000 0.998192890004 0.065055959841 0.058690039173 0.341159959003 0.307776434425 0.230543898488 
000124 2.310000 0.998213791224 0.064303515923 0.058055665502 0.343129991317 0.309790836687 0.232748798723 
000124 2.330000 0.998234223159 0.063567966294 0.057434637654 0.345104132211 0.311806904358 0.234959321415 
000124 2.350000 0.998254200765 0.062848772446 0.056826556141 0.347082345831 0.313824656288 0.237175285190 
000124 2.370000 0.998273738412 0.062145417183 0.056231036561 0.349064593776 0.315844109258 0.239396497266 
000124 2.390000 0.998292849901 0.061457403574 0.055647708892 0.351050834956 0.317865277964 0.241622754988 
000124 2.410000 0.998311548501 0.060784253978 0.055076216836 0.353041025530 0.319888175007 0.243853847620 
000124 2.430000 0.998329846968 0.060125509141 0.054516217194 0.355035118928 0.321912810908 0.246089558269 
000124 2.450000 0.998347757574 0.059480727350 0.053967379280 0.357033065918 0.323939194131 0.248329665854 
000124 2.470000 0.998365292121 0.058849483640 0.053429384374 0.359034814738 0.325967331124 0.250573947032 
000124 2.490000 0.998382461971 0.058231369050 0.052901925191 0.361040311249 0.327997226375 0.252822178030 
000124 2.510000 0.998399278058 0.057625989923 0.052384705398 0.363049499114 0.330028882476 0.255074136336 
000124 2.530000 0.998415750910 0.057032967239 0.051877439141 0.365062319999 0.332062300200 0.257329602246 
000124 2.550000 0.998431890667 0.056451935989 0.051379850609 0.367078713767 0.334097478588 0.259588360234 
000124 2.570000 0.998447707095 0.055882544578 0.050891673612 0.369098618680 0.336134415039 0.261850200189 
000124 2.590000 0.998463209604 0.055324454256 0.050412651184 0.371121971593 0.338173105408 0.264114918497 
000124 2.610000 0.998478407262 0.054777338580 0.049942535210 0.373148708140 0.340213544106 0.266382319013 
000124 2.630000 0.998493308808 0.054240882899 0.049481086065 0.375178762924 0.342255724205 0.268652213937 
000124 2.650000 0.998507922670 0.053714783863 0.049028072275 0.377212069680 0.344299637548 0.270924424614 
000124 2.670000 0.998522256973 0.053198748960 0.048583270189 0.379248561461 0.346345274852 0.273198782279 
000124 2.690000 0.998536319554 0.052692496068 0.048146463678 0.381288170800 0.348392625823 0.275475128759 
000124 2.710000 0.998550117971 0.052195753039 0.047717443834 0.383330829891 0.350441679263 0.277753317144 
000124 2.730000 0.998563659520 0.051708257292 0.047296008693 0.385376470773 0.352492423187 0.280033212442 
000124 2.750000 0.998576951238 0.051229755441 0.046881962966 0.387425025526 0.354544844930 0.282314692197 
000124 2.770000 0.998589999919 0.050760002931 0.046475117786 0.389476426491 0.356598931261 0.284597647090 
000124 2.790000 0.998602812119 0.050298763699 0.046075290464 0.391530606512 0.358654668499 0.286881981501 
000124 2.810000 0.998615394171 0.049845809856 0.045682304254 0.393587499204 0.360712042621 0.289167614030 
000124 2.830000 0.998627752184 0.049400921382 0.045295988136 0.395647039259 0.362771039379 0.291454477972 
000124 2.850000 0.998639892060 0.048963885846 0.044916176597 0.397709162785 0.364831644407 0.293742521731 
000124 2.870000 0.998651819496 0.048534498135 0.044542709434 0.399773807691 0.366893843335 0.296031709167 
000124 2.890000 0.998663539994 0.048112560207 0.044175431555 0.401840914101 0.368957621894 0.298322019895 
000124 2.910000 0.998675058865 0.047697880849 0.043814192797 0.403910424816 0.371022966025 0.300613449511 
000124 2.930000 0.998686381237 0.047290275460 0.043458847742 0.405982285794 0.373089861985 0.302906009774 
000124 2.950000 0.998697512060 0.046889565834 0.043109255552 0.408056446670 0.375158296442 0.305199728736 
000124 2.970000 0.998708456112 0.046495579960 0.042765279799 0.410132861273 0.377228256583 0.307494650834 
000124 2.990000 0.998719218005 0.046108151827 0.042426788314 0.412211488145 0.379299730205 0.309790836934 
000124 3.010000 0.998729802188 0.045727121228 0.042093653029 0.414292291039 0.381372705810 0.312088364303 
000124 3.030000 0.998740212956 0.045352333580 0.041765749838 0.416375239367 0.383447172692 0.314387326486 
000124 3.050000 0.998750454452 0.044983639729 0.041442958455 0.418460308582 0.385523121026 0.316687833009 
000124 3.070000 0.998760530673 0.044620895762 0.041125162277 0.420547480464 0.387600541948 0.318990008843 
000124 3.090000 0.998770445478 0.044263962809 0.040812248261 0.422636743296 0.389679427623 0.321293993513 
000124 3.110000 0.998780202588 0.043912706847 0.040504106793 0.424728091896 0.391759771314 0.323599939759 
000124 3.130000 0.998789805598 0.043566998489 0.040200631570 0.426821527500 0.393841567430 0.325908011637 
000124 3.150000 0.998799257979 0.043226712773 0.039901719482 0.428917057487 0.395924811561 0.328218381996 
000124 3.170000 0.998808563085 0.042891728939 0.039607270497 0.431014694938 0.398009500495 0.330531229287 
000124 3.190000 0.998817724161 0.042561930214 0.039317187549 0.433114458050 0.400095632213 0.332846733747 
000124 3.210000 0.998826744345 0.042237203580 0.039031376428 0.435216369407 0.402183205855 0.335165073051 
000124 3.230000 0.998835626679 0.041917439557 0.038749745676 0.437320455150 0.404272221661 0.337486417586 
000124 3.250000 0.998844374112 0.041602531982 0.038472206474 0.439426744060 0.406362680884 0.339810925593 
000124 3.270000 0.998852989505 0.041292377803 0.038198672547 0.441535266605 0.408454585677 0.342138738410 
000124 3.290000 0.998861475642 0.040986876875 0.037929060056 0.443646053983 0.410547938954 0.344469976103 
000124 3.310000 0.998869835228 0.040685931781 0.037663287504 0.445759137191 0.412642744226 0.346804733721 
000124 3.330000 0.998878070898 0.040389447660 0.037401275639 0.447874546162 0.414739005436 0.349143078382 
000124 3.350000 0.998886185221 0.040097332056 0.037142947362 0.449992308995 0.416836726766 0.351485047314 
000124 3.370000 0.998894180701 0.039809494782 0.036888227637 0.452112451286 0.418935912454 0.353830646924 
000124 3.390000 0.998902059783 0.039525847808 0.036637043413 0.454234995598 0.421036566607 0.356179852852 
000124 3.410000 0.998909824857 0.039246305161 0.036389323538 0.456359961043 0.423138693030 0.358532610939 
000124 3.430000 0.998917478255 0.038970782838 0.036144998688 0.458487363005 0.425242295060 0.360888838944 
000124 3.450000 0.998925022257 0.038699198737 0.035904001295 0.460617212967 0.427347375419 0.363248428854 
000124 3.470000 0.998932459094 0.038431472602 0.035666265486 0.462749518458 0.429453936090 0.365611249579 
000124 3.490000 0.998939790945 0.038167525971 0.035431727014 0.464884283078 0.431561978208 0.367977149844 
000124 3.510000 0.998947019941 0.037907282133 0.035200323209 0.467021506612 0.433671501971 0.370345961114 
000124 3.530000 0.998954148164 0.037650666098 0.034971992920 0.469161185181 0.435782506575 0.372717500405 
000124 3.550000 0.998961177651 0.037397604559 0.034746676466 0.471303311453 0.437894990160 0.375091572863 
000124 3.570000 0.998968110393 0.037148025867 0.034524315591 0.473447874867 0.440008949772 0.377467974048 
000124 3.590000 0.998974948333 0.036901860000 0.034304853419 0.475594861866 0.442124381345 0.379846491852 
000124 3.610000 0.998981693374 0.036659038539 0.034088234412 0.477744256141 0.444241279681 0.382226908060 
000124 3.630000 0.998988347371 0.036419494635 0.033874404333 0.479896038852 0.446359638451 0.384608999534 
000124 3.650000 0.998994912139 0.036183162983 0.033663310204 0.482050188838 0.448479450192 0.386992539052 
000124 3.670000 0.999001389450 0.035949979791 0.033454900275 0.484206682807 0.450600706311 0.389377295826 
000124 3.690000 0.999007781035 0.035719882748 0.033249123985 0.486365495490 0.452723397090 0.391763035749 
000124 3.710000 0.999014088584 0.035492810992 0.033045931932 0.488526599777 0.454847511698 0.394149521400 
000124 3.730000 0.999020313748 0.035268705073 0.032845275837 0.490689966813 0.456973038191 0.396536511867 
000124 3.750000 0.999026458141 0.035047506920 0.032647108517 0.492855566068 0.459099963517 0.398923762411 
000124 3.770000 0.999032523339 0.034829159804 0.032451383850 0.495023365373 0.461228273522 0.401311024043 
000124 3.790000 0.999038510881 0.034613608297 0.032258056749 0.497193330932 0.463357952945 0.403698043016 
000124 3.810000 0.999044422271 0.034400798238 0.032067083130 0.499365427296 0.465488985418 0.406084560307 
000124 3.830000 0.999050258981 0.034190676691 0.031878419886 0.501539617312 0.467621353459 0.408470311092 
000124 3.850000 0.999056022447 0.033983191907 0.031692024858 0.503715862048 0.469755038463 0.410855024272 
000124 3.870000 0.999061714075 0.033778293284 0.031507856812 0.505894120688 0.471890020693 0.413238422059 
000124 3.890000 0.999067335241 0.033575931325 0.031325875408 0.508074350400 0.474026279266 0.415620219676 
000124 3.910000 0.999072887289 0.033376057599 0.031146041179 0.510256506186 0.476163792145 0.418000125187 
000124 3.930000 0.999078371536 0.033178624705 0.030968315503 0.512440540701 0.478302536118 0.420377839494 
000124 3.950000 0.999083789272 0.032983586224 0.030792660586 0.514626404057 0.480442486794 0.422753056538 
000124 3.970000 0.999089141759 0.032790896688 0.030619039432 0.516814043602 0.482583618588 0.425125463733 
000124 3.990000 0.999094430235 0.032600511535 0.030447415827 0.519003403681 0.484725904712 0.427494742677 
000124 4.010000 0.999099655915 0.032412387073 0.030277754316 0.521194425380 0.486869317179 0.429860570169 
000124 4.030000 0.999104819988 0.032226480445 0.030110020184 0.523387046254 0.489013826800 0.432222619580 
000124 4.050000 0.999109923623 0.032042749584 0.029944179436 0.525581200044 0.491159403197 0.434580562608 
000124 4.070000 0.999114967967 0.031861153185 0.029780198783 0.527776816386 0.493306014825 0.436934071462 
000124 4.090000 0.999119954148 0.031681650667 0.029618045624 0.529973820519 0.495453629001 0.439282821501 
000124 4.110000 0.999124883274 0.031504202141 0.029457688029 0.532172132990 0.497602211949 0.441626494354 
000124 4.130000 0.999129756434 0.031328768380 0.029299094728 0.534371669384 0.499751728864 0.443964781554 
000124 4.150000 0.999134574700 0.031155310789 0.029142235098 0.536572340064 0.501902143983 0.446297388663 
000124 4.170000 0.999139339128 0.030983791382 0.028987079153 0.538774049955 0.504053420688 0.448624039914 
000124 4.190000 0.999144050757 0.030814172759 0.028833597531 0.540976698375 0.506205521621 0.450944483308 
000124 4.210000 0.999148710608 0.030646418094 0.028681761490 0.543180178941 0.508358408821 0.453258496140 
000124 4.230000 0.999153319691 0.030480491120 0.028531542897 0.545384379558 0.510512043895 0.455565890882 
000124 4.250000 0.999157878996 0.030316356126 0.028382914226 0.547589182531 0.512666388201 0.457866521320 
000124 4.270000 0.999162389501 0.030153977964 0.028235848552 0.549794464816 0.514821403062 0.460160288858 
000124 4.290000 0.999166852165 0.029993322056 0.028090319549 0.552000098443 0.516977050008 0.462447148875 
000124 4.310000 0.999171267933 0.029834354420 0.027946301486 0.554205951139 0.519133291032 0.464727117028 
000124 4.330000 0.999175637730 0.029677041703 0.027803769228 0.556411887179 0.521290088881 0.467000275430 
000124 4.350000 0.999179962466 0.029521351222 0.027662698235 0.558617768504 0.523447407356 0.469266778651 
000124 4.370000 0.999184243027 0.029367251025 0.027523064563 0.560823456100 0.525605211644 0.471526859572 
000124 4.390000 0.999188480279 0.029214709953 0.027384844862 0.563028811676 0.527763468661 0.473780835148 
000124 4.410000 0.999192675063 0.029063697720 0.027248016383 0.565233699624 0.529922147416 0.476029112214 
000124 4.430000 0.999196828194 0.028914185002 0.027112556976 0.567437989255 0.532081219392 0.478272193486 
000124 4.450000 0.999200940457 0.028766143530 0.026978445093 0.569641557262 0.534240658952 0.480510683882 
000124 4.470000 0.999205012606 0.028619546185 0.026845659793 0.571844290369 0.536400443754 0.482745297184 
000124 4.490000 0.999209045358 0.028474367095 0.026714180743 0.574046088081 0.538560555198 0.484976862861 
000124 4.510000 0.999213039396 0.028330581729 0.026583988225 0.576246865433 0.540720978888 0.487206332607 
000124 4.530000 0.999216995362 0.028188166974 0.026455063136 0.578446555654 0.542881705108 0.489434785774 
000124 4.550000 0.999220913856 0.028047101200 0.026327386997 0.580645112602 0.545042729315 0.491663432540 
000124 4.570000 0.999224795436 0.027907364310 0.026200941954 0.582842512887 0.547204052621 0.493893613400 
000124 4.590000 0.999228640618 0.027768937757 0.026075710779 0.585038757565 0.549365682255 0.496126793448 
000124 4.610000 0.999232449874 0.027631804545 0.025951676868 0.587233873363 0.551527631973 0.498364550137 
000124 4.630000 0.999236223633 0.027495949198 0.025828824242 0.589427913362 0.553689922395 0.500608553666 
000124 4.650000 0.999239962286 0.027361357713 0.025707137530 0.591620957157 0.555852581235 0.502860539905 
000124 4.670000 0.999243666181 0.027228017484 0.025586601955 0.593813110516 0.558015643383 0.505122276692 
000124 4.690000 0.999247335633 0.027095917211 0.025467203315 0.596004504561 0.560179150848 0.507395525200 
000124 4.710000 0.999250970922 0.026965046793 0.025348927949 0.598195294553 0.562343152515 0.509681998789 
000124 4.730000 0.999254572300 0.026835397213 0.025231762701 0.600385658296 0.564507703741 0.511983321985 
000124 4.750000 0.999258139989 0.026706960408 0.025115694882 0.602575794211 0.566672865785 0.514300992088 
000124 4.770000 0.999261674191 0.026579729136 0.025000712221 0.604765919062 0.568838705104 0.516636345309 
000124 4.790000 0.999265175088 0.026453696826 0.024886802818 0.606956265349 0.571005292528 0.518990528453 
000124 4.810000 0.999268642849 0.026328857426 0.024773955089 0.609147078303 0.573172702345 0.521364476336 
000124 4.830000 0.999272077632 0.026205205239 0.024662157724 0.611338612506 0.575341011332 0.523758894417 
000124 4.850000 0.999275479590 0.026082734748 0.024551399627 0.613531128110 0.577510297729 0.526174245831 
000124 4.870000 0.999278848877 0.025961440438 0.024441669873 0.615724886718 0.579680640204 0.528610742140 
000124 4.890000 0.999282185650 0.025841316614 0.024332957657 0.617920147014 0.581852116798 0.531068337538 
000124 4.910000 0.999285490077 0.025722357228 0.024225252255 0.620117160286 0.584024803878 0.533546726831 
000124 4.930000 0.999288762341 0.025604555708 0.024118542973 0.622316166019 0.586198775115 0.536045348031 
000124 4.950000 0.999292002644 0.025487904816 0.024012819120 0.624517387762 0.588374100498 0.538563390598 
000124 4.970000 0.999295211207 0.025372396531 0.023908069966 0.626721029463 0.590550845421 0.541099810277 
000124 4.990000 0.999298388279 0.025258021953 0.023804284716 0.628927272442 0.592729069859 0.543653350975 
000124 5.010000 0.999301534132 0.025144771261 0.023701452491 0.631136273126 0.594908827657 0.546222573405 
000124 5.030000 0.999304649064 0.025032633686 0.023599562307 0.633348161623 0.597090165970 0.548805889463 
000124 5.050000 0.999307733402 0.024921597535 0.023498603072 0.635563041132 0.599273124848 0.551401600630 
000124 5.070000 0.999310787493 0.024811650236 0.023398563581 0.637780988162 0.601457736996 0.554007938252 
000124 5.090000 0.999313811711 0.024702778414 0.023299432521 0.640002053440 0.603644027690 0.556623103429 
000124 5.110000 0.999316806445 0.024594967981 0.023201198481 0.642226263410 0.605832014850 0.559245304382 
000124 5.130000 0.999319772104 0.024488204240 0.023103849969 0.644453622159 0.608021709252 0.561872789592 
000124 5.150000 0.999322709111 0.024382472001 0.023007375430 0.646684113638 0.610213114852 0.564503875493 
000124 5.170000 0.999325617898 0.024277755689 0.022911763267 0.648917704034 0.612406229199 0.567136968081 
000124 5.190000 0.999328498904 0.024174039455 0.022817001864 0.651154344175 0.614601043913 0.569770578350 
000124 5.210000 0.999331352576 0.024071307277 0.022723079608 0.653393971860 0.616797545201 0.572403331869 
000124 5.230000 0.999334179360 0.023969543049 0.022629984915 0.655636514052 0.618995714391 0.575033973166 
000124 5.250000 0.999336979704 0.023868730662 0.022537706248 0.657881888868 0.621195528461 0.577661365754 
000124 5.270000 0.999339754053 0.023768854075 0.022446232138 0.660130007341 0.623396960553 0.580284488727 
000124 5.290000 0.999342502851 0.023669897368 0.022355551204 0.662380774932 0.625599980458 0.582902430863 
000124 5.310000 0.999345226534 0.023571844787 0.022265652167 0.664634092796 0.627804555069 0.585514383083 
000124 5.330000 0.999347925534 0.023474680780 0.022176523864 0.666889858815 0.630010648788 0.588119630026 
000124 5.350000 0.999350600277 0.023378390022 0.022088155259 0.669147968404 0.632218223905 0.590717541373 
000124 5.370000 0.999353251182 0.023282957430 0.022000535457 0.671408315122 0.634427240926 0.593307563439 
000124 5.390000 0.999355878662 0.023188368177 0.021913653707 0.673670791108 0.636637658870 0.595889211404 
000124 5.410000 0.999358483120 0.023094607691 0.021827499412 0.675935287366 0.638849435535 0.598462062496 
000124 5.430000 0.999361064954 0.023001661662 0.021742062131 0.678201693932 0.641062527731 0.601025750312 
000124 5.450000 0.999363624555 0.022909516032 0.021657331588 0.680469899930 0.643276891496 0.603579960414 
000124 5.470000 0.999366162306 0.022818156993 0.021573297671 0.682739793566 0.645492482291 0.606124427273 
000124 5.490000 0.999368678584 0.022727570979 0.021489950437 0.685011262060 0.647709255180 0.608658932591 
000124 5.510000 0.999371173760 0.022637744656 0.021407280115 0.687284191546 0.649927165011 0.611183304997 
000124 5.530000 0.999373648197 0.022548664917 0.021325277104 0.689558466961 0.652146166586 0.613697421081 
000124 5.550000 0.999376102254 0.022460318868 0.021243931981 0.691833971943 0.654366214842 0.616201207718 
000124 5.570000 0.999378536283 0.022372693828 0.021163235499 0.694110588754 0.656587265035 0.618694645594 
000124 5.590000 0.999380950630 0.022285777319 0.021083178591 0.696388198249 0.658809272933 0.621177773835 
000124 5.610000 0.999383345637 0.022199557065 0.021003752372 0.698666679915 0.661032195032 0.623650695606 
000124 5.630000 0.999385721639 0.022114020992 0.020924948143 0.700945911995 0.663255988781 0.626113584531 
000124 5.650000 0.999388078966 0.022029157231 0.020846757392 0.703225771719 0.665480612831 0.628566691733 
000124 5.670000 0.999390417941 0.021944954125 0.020769171801 0.705506135667 0.667706027308 0.631010353273 
000124 5.690000 0.999392738882 0.021861400239 0.020692183249 0.707786880285 0.669932194099 0.633444997728 
000124 5.710000 0.999395042101 0.021778484380 0.020615783818 0.710067882569 0.672159077172 0.635871153593 
000124 5.730000 0.999397327900 0.021696195613 0.020539965794 0.712349020944 0.674386642902 0.638289456179 
000124 5.750000 0.999399596575 0.021614523292 0.020464721676 0.714630176348 0.676614860425 0.640700653637 
000124 5.770000 0.999401848414 0.021533457090 0.020390044184 0.716911233537 0.678843701999 0.643105611711 
000124 5.790000 0.999404083694 0.021452987034 0.020315926255 0.719192082616 0.681073143373 0.645505316833 
000124 5.810000 0.999406302679 0.021373103551 0.020242361059 0.721472620791 0.683303164159 0.647900877149 
000124 5.830000 0.999408505625 0.021293797514 0.020169341997 0.723752754322 0.685533748197 0.650293521142 
000124 5.850000 0.999410692770 0.021215060287 0.020096862704 0.726032400667 0.687764883898 0.652684593504 
000124 5.870000 0.999412864339 0.021136883781 0.020024917058 0.728311490746 0.689996564575 0.655075548008 
000124 5.890000 0.999415020542 0.021059260503 0.019953499175 0.730589971284 0.692228788724 0.657467937215 
000124 5.910000 0.999417161567 0.020982183604 0.019882603413 0.732867807146 0.694461560274 0.659863398897 
000124 5.930000 0.999419287585 0.020905646925 0.019812224371 0.735144983568 0.696694888767 0.662263639185 
000124 5.950000 0.999421398749 0.020829645030 0.019742356881 0.737421508170 0.698928789486 0.664670412521 
000124 5.970000 0.999423495188 0.020754173229 0.019672996010 0.739697412635 0.701163283498 0.667085498577 
000124 5.990000 0.999425577011 0.020679227592 0.019604137046 0.741972753925 0.703398397623 0.669510676395 
000124 6.010000 0.999427644307 0.020604804940 0.019535775491 0.744247614919 0.705634164306 0.671947696067 
000124 6.030000 0.999429697144 0.020530902821 0.019467907048 0.746522104368 0.707870621396 0.674398248410 
000124 6.050000 0.999431735571 0.020457519461 0.019400527610 0.748796356087 0.710107811828 0.676863933170 
000124 6.070000 0.999433759619 0.020384653706 0.019333633236 0.751070527343 0.712345783201 0.679346226480 
000124 6.090000 0.999435769308 0.020312304929 0.019267220139 0.753344796451 0.714584587255 0.681846448452 
000124 6.110000 0.999437764641 0.020240472934 0.019201284665 0.755619359606 0.716824279256 0.684365732001 
000124 6.130000 0.999439745616 0.020169157836 0.019135823266 0.757894427077 0.719064917286 0.686904994161 
000124 6.150000 0.999441712224 0.020098359941 0.019070832480 0.760170218886 0.721306561464 0.689464911304 
000124 6.170000 0.999443664455 0.020028079618 0.019006308906 0.762446960163 0.723549273104 0.692045899689 
000124 6.190000 0.999445602301 0.019958317166 0.018942249181 0.764724876377 0.725793113831 0.694648102692 
000124 6.210000 0.999447525758 0.019889072704 0.018878649954 0.767004188656 0.728038144690 0.697271385797 
000124 6.230000 0.999449434832 0.019820346055 0.018815507866 0.769285109396 0.730284425257 0.699915340062 
000124 6.250000 0.999451329537 0.019752136662 0.018752819528 0.771567838341 0.732532012800 0.702579294240 
000124 6.270000 0.999453209902 0.019684443510 0.018690581501 0.773852559267 0.734780961494 0.705262335160 
000124 6.290000 0.999455075970 0.019617265081 0.018628790286 0.776139437383 0.737031321736 0.707963335445 
000124 6.310000 0.999456927797 0.019550599318 0.018567442305 0.778428617489 0.739283139562 0.710680987094 
000124 6.330000 0.999458765455 0.019484443618 0.018506533900 0.780720222890 0.741536456190 0.713413839163 
000124 6.350000 0.999460589032 0.019418794843 0.018446061323 0.783014355043 0.743791307692 0.716160337559 
000124 6.370000 0.999462398629 0.019353649339 0.018386020736 0.785311093845 0.746047724797 0.718918864962 
000124 6.390000 0.999464194362 0.019289002978 0.018326408214 0.787610498479 0.748305732824 0.721687779074 
000124 6.410000 0.999465976355 0.019224851203 0.018267219748 0.789912608705 0.750565351722 0.724465447664 
000124 6.430000 0.999467744748 0.019161189082 0.018208451253 0.792217446469 0.752826596223 0.727250279265 
000124 6.450000 0.999469499684 0.019098011363 0.018150098578 0.794525017737 0.755089476074 0.730040748787 
000124 6.470000 0.999471241319 0.019035312534 0.018092157511 0.796835314440 0.757353996338 0.732835417710 
000124 6.490000 0.999472969809 0.018973086874 0.018034623796 0.799148316445 0.759620157741 0.735632948873 
000124 6.510000 0.999474685319 0.018911328512 0.017977493141 0.801463993482 0.761887957057 0.738432116150 
000124 6.530000 0.999476388015 0.018850031471 0.017920761229 0.803782306967 0.764157387509 0.741231809549 
000124 6.550000 0.999478078064 0.018789189714 0.017864423732 0.806103211696 0.766428439162 0.744031036342 
000124 6.570000 0.999479755634 0.018728797179 0.017808476316 0.808426657363 0.768701099328 0.746828918952 
000124 6.590000 0.999481420894 0.018668847818 0.017752914655 0.810752589910 0.770975352934 0.749624690302 
000124 6.610000 0.999483074011 0.018609335617 0.017697734439 0.813080952695 0.773251182882 0.752417687273 
000124 6.630000 0.999484715149 0.018550254624 0.017642931380 0.815411687489 0.775528570373 0.755207342900 
000124 6.650000 0.999486344473 0.018491598967 0.017588501220 0.817744735302 0.777807495206 0.757993177800 
000124 6.670000 0.999487962143 0.018433362863 0.017534439738 0.820080037068 0.780087936044 0.760774791265 
000124 6.690000 0.999489568316 0.018375540634 0.017480742751 0.822417534185 0.782369870651 0.763551852365 
000124 6.710000 0.999491163147 0.018318126713 0.017427406125 0.824757168940 0.784653276094 0.766324091297 
000124 6.730000 0.999492746788 0.018261115646 0.017374425769 0.827098884835 0.786938128928 0.769091291181 
000124 6.750000 0.999494319386 0.018204502098 0.017321797648 0.829442626821 0.789224405338 0.771853280415 
000124 6.770000 0.999495881087 0.018148280852 0.017269517776 0.831788341454 0.791512081276 0.774609925654 
000124 6.790000 0.999497432033 0.018092446811 0.017217582223 0.834135977005 0.793801132560 0.777361125462 
000124 6.810000 0.999498972361 0.018036994993 0.017165987113 0.836485483501 0.796091534966 0.780106804613 
000124 6.830000 0.999500502207 0.017981920533 0.017114728628 0.838836812746 0.798383264294 0.782846909042 
000124 6.850000 0.999502021703 0.017927218675 0.017063803003 0.841189918296 0.800676296423 0.785581401405 
000124 6.870000 0.999503530978 0.017872884775 0.017013206532 0.843544755415 0.802970607357 0.788310257192 
000124 6.890000 0.999505030159 0.017818914289 0.016962935561 0.845901281018 0.805266173251 0.791033461360 
000124 6.910000 0.999506519367 0.017765302778 0.016912986494 0.848259453590 0.807562970435 0.793751005428 
000124 6.930000 0.999507998725 0.017712045899 0.016863355789 0.850619233106 0.809860975425 0.796462884974 
000124 6.950000 0.999509468350 0.017659139401 0.016814039955 0.852980580937 0.812160164932 0.799169097504 
000124 6.970000 0.999510928358 0.017606579124 0.016765035556 0.855343459753 0.814460515862 0.801869640626 
000124 6.990000 0.999512378861 0.017554360990 0.016716339207 0.857707833429 0.816762005309 0.804564510504 
000124 7.010000 0.999513819972 0.017502481007 0.016667947573 0.860073666945 0.819064610552 0.807253700546 
000124 7.030000 0.999515251798 0.017450935258 0.016619857369 0.862440926285 0.821368309036 0.809937200287 
000124 7.050000 0.999516674447 0.017399719900 0.016572065356 0.864809578345 0.823673078367 0.812614994447 
000124 7.070000 0.999518088023 0.017348831164 0.016524568345 0.867179590831 0.825978896286 0.815287062134 
000124 7.090000 0.999519492629 0.017298265345 0.016477363192 0.869550932170 0.828285740656 0.817953376161 
000124 7.110000 0.999520888367 0.017248018805 0.016430446795 0.871923571415 0.830593589443 0.820613902471 
000124 7.130000 0.999522275334 0.017198087967 0.016383816100 0.874297478153 0.832902420691 0.823268599638 
000124 7.150000 0.999523653630 0.017148469312 0.016337468091 0.876672622419 0.835212212501 0.825917418444 
000124 7.170000 0.999525023351 0.017099159379 0.016291399797 0.879048974606 0.837522943012 0.828560301509 
000124 7.190000 0.999526384590 0.017050154758 0.016245608283 0.881426505379 0.839834590369 0.831197182967 
000124 7.210000 0.999527737442 0.017001452090 0.016200090657 0.883805185589 0.842147132709 0.833827988187 
000124 7.230000 0.999529081998 0.016953048065 0.016154844061 0.886184986189 0.844460548130 0.836452633517 
000124 7.250000 0.999530418350 0.016904939418 0.016109865677 0.888565878151 0.846774814665 0.839071026067 
000124 7.270000 0.999531746585 0.016857122927 0.016065152721 0.890947832373 0.849089910263 0.841683063505 
000124 7.290000 0.999533066794 0.016809595413 0.016020702444 0.893330819605 0.851405812760 0.844288633885 
000124 7.310000 0.999534379063 0.016762353734 0.015976512130 0.895714810353 0.853722499852 0.846887615486 
000124 7.330000 0.999535683478 0.016715394784 0.015932579098 0.898099774796 0.856039949075 0.849479876680 
000124 7.350000 0.999536980125 0.016668715493 0.015888900695 0.900485682696 0.858358137772 0.852065275818 
000124 7.370000 0.999538269088 0.016622312822 0.015845474301 0.902872503303 0.860677043077 0.854643661144 
000124 7.390000 0.999539550451 0.016576183763 0.015802297328 0.905260205266 0.862996641882 0.857214870730 
000124 7.410000 0.999540824296 0.016530325335 0.015759367212 0.907648756532 0.865316910814 0.859778732449 
000124 7.430000 0.999542090706 0.016484734584 0.015716681422 0.910038124248 0.867637826213 0.862335063988 
000124 7.450000 0.999543349762 0.016439408579 0.015674237451 0.912428274656 0.869959364107 0.864883672895 
000124 7.470000 0.999544601544 0.016394344410 0.015632032820 0.914819172985 0.872281500185 0.867424356689 
000124 7.490000 0.999545846134 0.016349539187 0.015590065076 0.917210783337 0.874604209777 0.869956903028 
000124 7.510000 0.999547083610 0.016304990037 0.015548331791 0.919603068578 0.876927467833 0.872481089946 
000124 7.530000 0.999548314053 0.016260694102 0.015506830560 0.921995990207 0.879251248897 0.874996686179 
000124 7.550000 0.999549537541 0.016216648537 0.015465559003 0.924389508238 0.881575527092 0.877503451584 
000124 7.570000 0.999550754153 0.016172850508 0.015424514764 0.926783581065 0.883900276100 0.880001137671 
000124 7.590000 0.999551963967 0.016129297188 0.015383695507 0.929178165328 0.886225469146 0.882489488266 
000124 7.610000 0.999553167062 0.016085985757 0.015343098920 0.931573215777 0.888551078980 0.884968240316 
000124 7.630000 0.999554363517 0.016042913400 0.015302722712 0.933968685123 0.890877077870 0.887437124863 
000124 7.650000 0.999555553408 0.016000077302 0.015262564613 0.936364523891 0.893203437592 0.889895868199 
000124 7.670000 0.999556736815 0.015957474647 0.015222622375 0.938760680276 0.895530129421 0.892344193232 
000124 7.690000 0.999557913816 0.015915102619 0.015182893768 0.941157099987 0.897857124134 0.894781821081 
000124 7.710000 0.999559084489 0.015872958394 0.015143376584 0.943553726096 0.900184392011 0.897208472924 
000124 7.730000 0.999560248913 0.015831039144 0.015104068637 0.945950498887 0.902511902841 0.899623872120 
000124 7.750000 0.999561407166 0.015789342031 0.015064967758 0.948347355714 0.904839625938 0.902027746635 
000124 7.770000 0.999562559328 0.015747864205 0.015026071800 0.950744230857 0.907167530162 0.904419831788 
000124 7.790000 0.999563705478 0.015706602807 0.014987378637 0.953141055395 0.909495583943 0.906799873336 
000124 7.810000 0.999564845695 0.015665554963 0.014948886164 0.955537757090 0.911823755321 0.909167630922 
000124 7.830000 0.999565980061 0.015624717786 0.014910592296 0.957934260288 0.914152011986 0.911522881893 
000124 7.850000 0.999567108656 0.015584088374 0.014872494971 0.960330485849 0.916480321335 0.913865425500 
000124 7.870000 0.999568231561 0.015543663811 0.014834592150 0.962726351103 0.918808650534 0.916195087476 
000124 7.890000 0.999569348856 0.015503441167 0.014796881818 0.965121769844 0.921136966596 0.918511724995 
000124 7.910000 0.999570460625 0.015463417498 0.014759361983 0.967516652375 0.923465236469 0.920815231983 
000124 7.930000 0.999571566949 0.015423589854 0.014722030680 0.969910905605 0.925793427132 0.923105544757 
000124 7.950000 0.999572667909 0.015383955274 0.014684885973 0.972304433207 0.928121505716 0.925382647961 
000124 7.970000 0.999573763589 0.015344510797 0.014647925952 0.974697135865 0.930449439624 0.927646580729 
000124 7.990000 0.999574854070 0.015305253463 0.014611148740 0.977088911599 0.932777196679 0.929897443014 
000124 8.010000 0.999575939435 0.015266180324 0.014574552491 0.979479656196 0.935104745277 0.932135402002 
000124 8.030000 0.999577019765 0.015227288449 0.014538135394 0.981869263752 0.937432054556 0.934360698506 
000124 8.050000 0.999578095141 0.015188574937 0.014501895677 0.984257627344 0.939759094583 0.936573653233 
000124 8.070000 0.999579165641 0.015150036926 0.014465831603 0.986644639834 0.942085836547 0.938774672805 
000124 8.090000 0.999580231344 0.015111671612 0.014429941480 0.989030194827 0.944412252969 0.940964255396 
000124 8.110000 0.999581292326 0.015073476258 0.014394223659 0.991414187773 0.946738317922 0.943142995862 
000124 8.130000 0.999582348661 0.015035448217 0.014358676538 0.993796517237 0.949064007260 0.945311590208 
000124 8.150000 0.999583400418 0.014997584950 0.014323298564 0.996177086322 0.951389298853 0.947470839286 
000124 8.170000 0.999584447665 0.014959884047 0.014288088236 0.998555804239 0.953714172826 0.949621651564 
000124 8.190000 0.999585490465 0.014922343249 0.014253044107 1.000932588023 0.956038611805 0.951765044864 
000124 8.210000 0.999586528876 0.014884960475 0.014218164788 1.003307364354 0.958362601163 0.953902146940 
000124 8.230000 0.999587562949 0.014847733841 0.014183448948 1.005680071467 0.960686129253 0.956034194780 
000124 8.250000 0.999588592731 0.014810661688 0.014148895319 1.008050661107 0.963009187648 0.958162532505 
000124 8.270000 0.999589618261 0.014773742603 0.014114502695 1.010419100473 0.965331771363 0.960288607750 
000124 8.290000 0.999590639571 0.014736975444 0.014080269935 1.012785374097 0.967653879068 0.962413966341 
000124 8.310000 0.999591656685 0.014700359354 0.014046195966 1.015149485590 0.969975513277 0.964540245117 
000124 8.330000 0.999592669617 0.014663893781 0.014012279781 1.017511459173 0.972296680525 0.966669162663 
000124 8.350000 0.999593678375 0.014627578485 0.013978520442 1.019871340931 0.974617391506 0.968802507723 
000124 8.370000 0.999594682957 0.014591413547 0.013944917077 1.022229199693 0.976937661192 0.970942125025 
000124 8.390000 0.999595683351 0.014555399363 0.013911468885 1.024585127488 0.979257508900 0.973089898296 
000124 8.410000 0.999596679538 0.014519536641 0.013878175129 1.026939239500 0.981576958323 0.975247730245 
000124 8.430000 0.999597671489 0.014483826382 0.013845035137 1.029291673488 0.983896037508 0.977417519454 
000124 8.450000 0.999598659171 0.014448269859 0.013812048300 1.031642588632 0.986214778774 0.979601134211 
000124 8.470000 0.999599642539 0.014412868584 0.013779214068 1.033992163817 0.988533218565 0.981800383585 
000124 8.490000 0.999600621548 0.014377624273 0.013746531945 1.036340595368 0.990851397238 0.984016986256 
000124 8.510000 0.999601596144 0.014342538802 0.013714001483 1.038688094298 0.993169358773 0.986252537920 
000124 8.530000 0.999602566273 0.014307614160 0.013681622278 1.041034883135 0.995487150414 0.988508478334 
000124 8.550000 0.999603531878 0.014272852398 0.013649393964 1.043381192424 0.997804822230 0.990786059321 
000124 8.570000 0.999604492901 0.014238255577 0.013617316201 1.045727257047 1.000122426621 0.993086315180 
000124 8.590000 0.999605449286 0.014203825718 0.013585388670 1.048073312449 1.002440017754 0.995410037011 
000124 8.610000 0.999606400979 0.014169564749 0.013553611067 1.050419590933 1.004757650954 0.997757752373 
000124 8.630000 0.999607347932 0.014135474464 0.013521983086 1.052766318127 1.007075382068 1.000129711469 
000124 8.650000 0.999608290098 0.014101556480 0.013490504418 1.055113709756 1.009393266806 1.002525880771 
000124 8.670000 0.999609227439 0.014067812204 0.013459174740 1.057461968793 1.011711360086 1.004945944510 
000124 8.690000 0.999610159922 0.014034242805 0.013427993705 1.059811283082 1.014029715399 1.007389314079 
000124 8.710000 0.999611087522 0.014000849196 0.013396960937 1.062161823464 1.016348384218 1.009855144868 
000124 8.730000 0.999612010222 0.013967632021 0.013366076024 1.064513742433 1.018667415444 1.012342359672 
000124 8.750000 0.999612928010 0.013934591652 0.013335338514 1.066867173324 1.020986854941 1.014849677472 
000124 8.770000 0.999613840884 0.013901728189 0.013304747905 1.069222229992 1.023306745124 1.017375646138 
000124 8.790000 0.999614748848 0.013869041469 0.013274303650 1.071579006956 1.025627124648 1.019918677530 
000124 8.810000 0.999615651914 0.013836531080 0.013244005151 1.073937579934 1.027948028170 1.022477083446 
000124 8.830000 0.999616550101 0.013804196375 0.013213851756 1.076298006713 1.030269486200 1.025049111001 
000124 8.850000 0.999617443431 0.013772036494 0.013183842766 1.078660328282 1.032591525031 1.027632976180 
000124 8.870000 0.999618331934 0.013740050385 0.013153977428 1.081024570156 1.034914166742 1.030226894589 
000124 8.890000 0.999619215644 0.013708236828 0.013124254945 1.083390743831 1.037237429267 1.032829108657 
000124 8.910000 0.999620094598 0.013676594456 0.013094674473 1.085758848295 1.039561326520 1.035437910844 
000124 8.930000 0.999620968840 0.013645121777 0.013065235126 1.088128871570 1.041885868566 1.038051662631 
000124 8.950000 0.999621838411 0.013613817199 0.013035935980 1.090500792211 1.044211061827 1.040668809319 
000124 8.970000 0.999622703360 0.013582679050 0.013006776078 1.092874580747 1.046536909314 1.043287890809 
000124 8.990000 0.999623563734 0.013551705591 0.012977754431 1.095250201043 1.048863410878 1.045907548686 
000124 9.010000 0.999624419582 0.013520895041 0.012948870024 1.097627611537 1.051190563471 1.048526530014 
000124 9.030000 0.999625270956 0.013490245587 0.012920121821 1.100006766381 1.053518361404 1.051143688309 
000124 9.050000 0.999626117906 0.013459755398 0.012891508765 1.102387616444 1.055846796606 1.053757982138 
000124 9.070000 0.999626960482 0.013429422636 0.012863029784 1.104770110203 1.058175858875 1.056368471841 
000124 9.090000 0.999627798737 0.013399245469 0.012834683795 1.107154194507 1.060505536113 1.058974314781 
000124 9.110000 0.999628632720 0.013369222073 0.012806469707 1.109539815245 1.062835814555 1.061574759541 
000124 9.130000 0.999629462482 0.013339350646 0.012778386420 1.111926917889 1.065166678971 1.064169139390 
000124 9.150000 0.999630288072 0.013309629406 0.012750432833 1.114315447951 1.067498112862 1.066756865329 
000124 9.170000 0.999631109539 0.013280056599 0.012722607843 1.116705351369 1.069830098626 1.069337418953 
000124 9.190000 0.999631926930 0.013250630503 0.012694910347 1.119096574788 1.072162617721 1.071910345307 
000124 9.210000 0.999632740294 0.013221349425 0.012667339244 1.121489065802 1.074495650800 1.074475245917 
000124 9.230000 0.999633549675 0.013192211712 0.012639893440 1.123882773121 1.076829177832 1.077031772071 
000124 9.250000 0.999634355118 0.013163215739 0.012612571842 1.126277646701 1.079163178211 1.079579618452 
000124 9.270000 0.999635156669 0.013134359923 0.012585373365 1.128673637824 1.081497630847 1.082118517161 
000124 9.290000 0.999635954369 0.013105642712 0.012558296932 1.131070699146 1.083832514243 1.084648232163 
000124 9.310000 0.999636748261 0.013077062590 0.012531341472 1.133468784722 1.086167806566 1.087168554161 
000124 9.330000 0.999637538387 0.013048618076 0.012504505924 1.135867849994 1.088503485698 1.089679295895 
000124 9.350000 0.999638324786 0.013020307721 0.012477789234 1.138267851775 1.090839529282 1.092180287859 
000124 9.370000 0.999639107497 0.012992130112 0.012451190358 1.140668748208 1.093175914758 1.094671374402 
000124 9.390000 0.999639886559 0.012964083862 0.012424708262 1.143070498716 1.095512619391 1.097152410199 
000124 9.410000 0.999640662011 0.012936167619 0.012398341921 1.145473063942 1.097849620289 1.099623257058 
000124 9.430000 0.999641433887 0.012908380056 0.012372090319 1.147876405682 1.100186894420 1.102083781034 
000124 9.450000 0.999642202226 0.012880719877 0.012345952449 1.150280486814 1.102524418614 1.104533849815 
000124 9.470000 0.999642967061 0.012853185809 0.012319927315 1.152685271218 1.104862169570 1.106973330362 
000124 9.490000 0.999643728428 0.012825776606 0.012294013929 1.155090723702 1.107200123850 1.109402086763 
000124 9.510000 0.999644486360 0.012798491045 0.012268211312 1.157496809914 1.109538257876 1.111819978270 
000124 9.530000 0.999645240891 0.012771327924 0.012242518494 1.159903496266 1.111876547914 1.114226857518 
000124 9.550000 0.999645992054 0.012744286065 0.012216934515 1.162310749844 1.114214970061 1.116622568865 
000124 9.570000 0.999646739880 0.012717364307 0.012191458420 1.164718538330 1.116553500232 1.119006946869 
000124 9.590000 0.999647484403 0.012690561509 0.012166089265 1.167126829911 1.118892114134 1.121379814853 
000124 9.610000 0.999648225651 0.012663876546 0.012140826113 1.169535593200 1.121230787244 1.123740983554 
000124 9.630000 0.999648963658 0.012637308311 0.012115668033 1.171944797145 1.123569494786 1.126090249841 
000124 9.650000 0.999649698452 0.012610855711 0.012090614102 1.174354410948 1.125908211702 1.128427395480 
000124 9.670000 0.999650430065 0.012584517666 0.012065663403 1.176764403972 1.128246912619 1.130752185934 
000124 9.690000 0.999651158525 0.012558293110 0.012040815027 1.179174745661 1.130585571821 1.133064369195 
000124 9.710000 0.999651883861 0.012532180988 0.012016068067 1.181585405444 1.132924163211 1.135363674623 
000124 9.730000 0.999652606104 0.012506180255 0.011991421624 1.183996352647 1.135262660276 1.137649811799 
000124 9.750000 0.999653325281 0.012480289877 0.011966874804 1.186407556405 1.137601036052 1.139922469368 
000124 9.770000 0.999654041421 0.012454508826 0.011942426716 1.188818985556 1.139939263076 1.142181313882 
000124 9.790000 0.999654754553 0.012428836084 0.011918076474 1.191230608553 1.142277313350 1.144425988618 
000124 9.810000 0.999655464705 0.012403270637 0.011893823194 1.193642393358 1.144615158295 1.146656112390 
000124 9.830000 0.999656171903 0.012377811476 0.011869665997 1.196054307339 1.146952768705 1.148871278328 
000124 9.850000 0.999656876178 0.012352457596 0.011845604006 1.198466317156 1.149290114696 1.151071052636 
000124 9.870000 0.999657577556 0.012327207996 0.011821636345 1.200878388651 1.151627165660 1.153254973328 
000124 9.890000 0.999658276065 0.012302061675 0.011797762140 1.203290486722 1.153963890208 1.155422548936 
000124 9.910000 0.999658971732 0.012277017631 0.011773980518 1.205702575200 1.156300256120 1.157573257193 
000124 9.930000 0.999659664587 0.012252074864 0.011750290607 1.208114616711 1.158636230282 1.159706543702 
000124 9.950000 0.999660354656 0.012227232368 0.011726691534 1.210526572536 1.160971778635 1.161821820591 
000124 9.970000 0.999661041968 0.012202489137 0.011703182427 1.212938402454 1.163306866109 1.163918465153 
000124 9.990000 0.999661726551 0.012177844156 0.011679762411 1.215350064588 1.165641456559 1.165995818503 
000124 10.010000 0.999662408433 0.012153296406 0.011656430609 1.217761515224 1.167975512704 1.168053184242 
