traj t P Eplaq Esym tsqEplaq tsqEsym Wsym
000125 0.010000 0.570212551870 15.472348132669 2.173286720009 0.001547234813 0.000217328672 0.000432018543 
000125 0.030000 0.626363861303 13.450900993105 2.110108093037 0.012105810894 0.001899097284 0.003700258866 
000125 0.050000 0.676387773770 11.650040144282 2.029310313939 0.029125100361 0.005073275785 0.009597193274 
000125 0.070000 0.720309180737 10.068869493459 1.935472210859 0.049337460518 0.009483813833 0.017275879182 
000125 0.090000 0.758450388241 8.695786023322 1.833108143422 0.070435866789 0.014848175962 0.025866745804 
000125 0.110000 0.791310083876 7.512836980458 1.726281957175 0.090905327464 0.020888011682 0.034606109197 
000125 0.130000 0.819466809210 6.499194868434 1.618391525512 0.109836393277 0.027350816781 0.042906066186 
000125 0.150000 0.843511858003 5.633573111901 1.512098077201 0.126755395018 0.034022206737 0.050372766832 
000125 0.170000 0.864008130767 4.895707292372 1.409355981358 0.141485940750 0.040730387861 0.056789771587 
000125 0.190000 0.881468424174 4.267136729747 1.311499478071 0.154043635944 0.047345131158 0.062083538715 
000125 0.210000 0.896346707950 3.731518513806 1.219352784192 0.164559966459 0.053773457783 0.066283913344 
000125 0.230000 0.909037285869 3.274657708733 1.133341700032 0.173229392792 0.059953775932 0.069487463510 
000125 0.250000 0.919878276934 2.884382030370 1.053594638542 0.180273876898 0.065849664909 0.071827408673 
000125 0.270000 0.929157135199 2.550343132821 0.980027854035 0.185920014383 0.071444030559 0.073451154722 
000125 0.290000 0.937116848157 2.263793466358 0.912413841695 0.190385030521 0.076734004087 0.074504903763 
000125 0.310000 0.943962059224 2.017365867934 0.850434124065 0.193868859908 0.081726719323 0.075124100314 
000125 0.330000 0.949864733663 1.804869588133 0.793718632098 0.196550298148 0.086435959035 0.075428293732 
000125 0.350000 0.954969206756 1.621108556788 0.741874149899 0.198585798207 0.090879583363 0.075519104436 
000125 0.370000 0.959396575814 1.461723270688 0.694504168190 0.200109915757 0.095077620625 0.075480216990 
000125 0.390000 0.963248462120 1.323055363665 0.651222190924 0.201236720813 0.099050895239 0.075378585631 
000125 0.410000 0.966610199501 1.202032817979 0.611660182890 0.202061716702 0.102820076744 0.075266274403 
000125 0.430000 0.969553517631 1.096073365297 0.575473498606 0.202663965243 0.106405049892 0.075182544594 
000125 0.450000 0.972138789170 1.003003589882 0.542343325756 0.203108226951 0.109824523466 0.075155945798 
000125 0.470000 0.974416905514 0.920991401513 0.511977421156 0.203447000594 0.113095812333 0.075206271323 
000125 0.490000 0.976430839298 0.848489785275 0.484109713535 0.203722397445 0.116234742220 0.075346311355 
000125 0.510000 0.978216944416 0.784190001030 0.458499189273 0.203967819268 0.119255639130 0.075583382954 
000125 0.530000 0.979806037057 0.726982665933 0.434928356454 0.204209430861 0.122171375328 0.075920638360 
000125 0.550000 0.981224294614 0.675925393900 0.413201491789 0.204467431655 0.124993451266 0.076358160053 
000125 0.570000 0.982494003343 0.630215879665 0.393142808045 0.204757139303 0.127732098334 0.076893853371 
000125 0.590000 0.983634180553 0.589169500093 0.374594632005 0.205089902983 0.130396391401 0.077524152791 
000125 0.610000 0.984661092717 0.552200662180 0.357415649953 0.205473866397 0.132994363347 0.078244565273 
000125 0.630000 0.985588687270 0.518807258288 0.341479255178 0.205914600815 0.135533116380 0.079050077663 
000125 0.650000 0.986428952825 0.488557698301 0.326672016323 0.206415627532 0.138018926896 0.079935453002 
000125 0.670000 0.987192220025 0.461080079099 0.312892274507 0.206978847508 0.140457342026 0.080895436582 
000125 0.690000 0.987887413134 0.436053127167 0.300048869869 0.207604893844 0.142853266945 0.081924890452 
000125 0.710000 0.988522260756 0.413198612774 0.288059993559 0.208293420699 0.145211042753 0.083018874336 
000125 0.730000 0.989103472613 0.392274985922 0.276852158453 0.209043339998 0.147534515239 0.084172689150 
000125 0.750000 0.989636888133 0.373072027215 0.266359280310 0.209853015309 0.149827095174 0.085381895652 
000125 0.770000 0.990127601602 0.355406342328 0.256521860250 0.210720420366 0.152091810942 0.086642317232 
000125 0.790000 0.990580067824 0.339117558322 0.247286259217 0.211643268149 0.154331354377 0.087950033974 
000125 0.810000 0.990998191541 0.324065104524 0.238604055320 0.212619115078 0.156548120696 0.089301375590 
000125 0.830000 0.991385403306 0.310125480994 0.230431475475 0.213645443857 0.158744243455 0.090692921870 
000125 0.850000 0.991744724043 0.297189934450 0.222728893477 0.214719727640 0.160921625537 0.092121518015 
000125 0.870000 0.992078820126 0.285162475481 0.215460387220 0.215839477691 0.163081967087 0.093584305238 
000125 0.890000 0.992390050481 0.273958182686 0.208593348138 0.217002276505 0.165226791060 0.095078755347 
000125 0.910000 0.992680506967 0.263501749200 0.202098136201 0.218205798513 0.167357466588 0.096602688500 
000125 0.930000 0.992952049021 0.253726235254 0.195947774115 0.219447820871 0.169475229832 0.098154255354 
000125 0.950000 0.993206333420 0.244571996863 0.190117675125 0.220726227169 0.171581201800 0.099731880358 
000125 0.970000 0.993444839846 0.235985765559 0.184585399975 0.222039006814 0.173676402836 0.101334182336 
000125 0.990000 0.993668892846 0.227919857556 0.179330439725 0.223384252390 0.175761763974 0.102959898080 
000125 1.010000 0.993879680739 0.220331493391 0.174334021989 0.224760156408 0.177838135831 0.104607829086 
000125 1.030000 0.994078271905 0.213182211419 0.169578938521 0.226165008094 0.179906295877 0.106276817254 
000125 1.050000 0.994265628868 0.206437360765 0.165049392089 0.227597190244 0.181966954778 0.107965742617 
000125 1.070000 0.994442620511 0.200065661613 0.160730860532 0.229055175980 0.184020762223 0.109673531049 
000125 1.090000 0.994610032703 0.194038822704 0.156609975901 0.230537525255 0.186068312368 0.111399161758 
000125 1.110000 0.994768577562 0.188331207753 0.152674416756 0.232042881072 0.188110148884 0.113141669595 
000125 1.130000 0.994918901559 0.182919543861 0.148912811917 0.233569965556 0.190146769537 0.114900142096 
000125 1.150000 0.995061592606 0.177782666174 0.145314654280 0.235117576015 0.192178630286 0.116673713893 
000125 1.170000 0.995197186282 0.172901293862 0.141870223490 0.236684581168 0.194206148935 0.118461561521 
000125 1.190000 0.995326171300 0.168257833204 0.138570516488 0.238269917600 0.196229708399 0.120262900456 
000125 1.210000 0.995448994329 0.163836204150 0.135407185075 0.239872586496 0.198249659669 0.122076984727 
000125 1.230000 0.995566064244 0.159621687215 0.132372479708 0.241491650587 0.200266324549 0.123903108254 
000125 1.250000 0.995677755888 0.155600788020 0.129459198849 0.243126231282 0.202279998202 0.125740606714 
000125 1.270000 0.995784413411 0.151761117188 0.126660643258 0.244775505913 0.204290951511 0.127588858947 
000125 1.290000 0.995886353233 0.148091283620 0.123970574654 0.246438705071 0.206299433282 0.129447287468 
000125 1.310000 0.995983866681 0.144580799489 0.121383178297 0.248115110002 0.208305672275 0.131315358180 
000125 1.330000 0.996077222347 0.141219995518 0.118893029040 0.249804050071 0.210309879069 0.133192579696 
000125 1.350000 0.996166668186 0.137999945289 0.116495060512 0.251504900289 0.212312247784 0.135078502711 
000125 1.370000 0.996252433402 0.134912397517 0.114184537088 0.253217078900 0.214312957661 0.136972719686 
000125 1.390000 0.996334730129 0.131949715353 0.111957028380 0.254940045033 0.216312174534 0.138874864764 
000125 1.410000 0.996413754948 0.129104821886 0.109808385991 0.256673296392 0.218310052189 0.140784613631 
000125 1.430000 0.996489690246 0.126371151144 0.107734722298 0.258416366973 0.220306733627 0.142701682838 
000125 1.450000 0.996562705446 0.123742603953 0.105732391068 0.260168824810 0.222302352220 0.144625828171 
000125 1.470000 0.996632958107 0.121213508131 0.103797969716 0.261930269721 0.224297032760 0.146556841840 
000125 1.490000 0.996700594930 0.118778582530 0.101928243047 0.263700331075 0.226290892389 0.148494548492 
000125 1.510000 0.996765752652 0.116432904518 0.100120188330 0.265478665591 0.228284041410 0.150438800365 
000125 1.530000 0.996828558874 0.114171880545 0.098370961586 0.267264955168 0.230276583977 0.152389472009 
000125 1.550000 0.996889132792 0.111991219472 0.096677884980 0.269058904782 0.232268618665 0.154346455104 
000125 1.570000 0.996947585878 0.109886908374 0.095038435211 0.270860240452 0.234260238951 0.156309653787 
000125 1.590000 0.997004022484 0.107855190573 0.093450232823 0.272668707288 0.236251533600 0.158278980731 
000125 1.610000 0.997058540398 0.105892545666 0.091911032364 0.274484067620 0.238242586990 0.160254354002 
000125 1.630000 0.997111231351 0.103995671347 0.090418713303 0.276306099203 0.240233479374 0.162235694516 
000125 1.650000 0.997162181476 0.102161466848 0.088971271665 0.278134593494 0.242224287107 0.164222923755 
000125 1.670000 0.997211471727 0.100387017820 0.087566812301 0.279969353999 0.244215082827 0.166215961404 
000125 1.690000 0.997259178263 0.098669582540 0.086203541749 0.281810194692 0.246205935590 0.168214722585 
000125 1.710000 0.997305372797 0.097006579294 0.084879761627 0.283656938515 0.248196910973 0.170219114564 
000125 1.730000 0.997350122921 0.095395574858 0.083593862514 0.285509415994 0.250188071119 0.172229032980 
000125 1.750000 0.997393492390 0.093834273958 0.082344318283 0.287367463995 0.252179474741 0.174244357897 
000125 1.770000 0.997435541399 0.092320509646 0.081129680831 0.289230924670 0.254171177076 0.176264950139 
000125 1.790000 0.997476326819 0.090852234517 0.079948575204 0.291099644617 0.256163229812 0.178290648476 
000125 1.810000 0.997515902425 0.089427512682 0.078799695061 0.292973474298 0.258155680988 0.180321268247 
000125 1.830000 0.997554319099 0.088044512442 0.077681798471 0.294852267718 0.260148574900 0.182356601852 
000125 1.850000 0.997591625011 0.086701499593 0.076593704024 0.296735882358 0.262141952022 0.184396421404 
000125 1.870000 0.997627865798 0.085396831286 0.075534287220 0.298624179324 0.264135848979 0.186440483490 
000125 1.890000 0.997663084712 0.084128950383 0.074502477135 0.300517023661 0.266130298576 0.188488535778 
000125 1.910000 0.997697322771 0.082896380239 0.073497253340 0.302414284752 0.268125329908 0.190540324850 
000125 1.930000 0.997730618893 0.081697719861 0.072517643036 0.304315836711 0.270120968546 0.192595604497 
000125 1.950000 0.997763010018 0.080531639368 0.071562718422 0.306221558698 0.272117236799 0.194654143550 
000125 1.970000 0.997794531229 0.079396875740 0.070631594226 0.308131335058 0.274114154033 0.196715732359 
000125 1.990000 0.997825215867 0.078292228792 0.069723425428 0.310045055241 0.276111737037 0.198780187189 
000125 2.010000 0.997855095628 0.077216557378 0.068837405113 0.311962613462 0.278110000395 0.200847352078 
000125 2.030000 0.997884200673 0.076168775780 0.067972762467 0.313883908113 0.280108956850 0.202917098068 
000125 2.050000 0.997912559714 0.075147850312 0.067128760886 0.315808840934 0.282108617624 0.204989320107 
000125 2.070000 0.997940200108 0.074152796103 0.066304696188 0.317737316023 0.284108992694 0.207063932260 
000125 2.090000 0.997967147942 0.073182674100 0.065499894918 0.319669238735 0.286110090990 0.209140862082 
000125 2.110000 0.997993428104 0.072236588257 0.064713712752 0.321604514581 0.288111920542 0.211220045063 
000125 2.130000 0.998019064362 0.071313682954 0.063945532976 0.323543048196 0.290114488561 0.213301420019 
000125 2.150000 0.998044079428 0.070413140610 0.063194765059 0.325484742468 0.292117801486 0.215384926024 
000125 2.170000 0.998068495014 0.069534179511 0.062460843299 0.327429497901 0.294121865011 0.217470501269 
000125 2.190000 0.998092331893 0.068676051848 0.061743225558 0.329377212267 0.296126684100 0.219558083870 
000125 2.210000 0.998115609946 0.067838041932 0.061041392073 0.331327780599 0.298132263024 0.221647614422 
000125 2.230000 0.998138348205 0.067019464605 0.060354844342 0.333281095535 0.300138605428 0.223739039871 
000125 2.250000 0.998160564894 0.066219663811 0.059683104085 0.335237048043 0.302145714430 0.225832318197 
000125 2.270000 0.998182277463 0.065438011318 0.059025712270 0.337195528519 0.304153592754 0.227927423364 
000125 2.290000 0.998203502623 0.064673905578 0.058382228202 0.339156428240 0.306162242913 0.230024350093 
000125 2.310000 0.998224256369 0.063926770704 0.057752228671 0.341119641151 0.308171667409 0.232123118132 
000125 2.330000 0.998244554013 0.063196055541 0.057135307147 0.343085065927 0.310181868972 0.234223775875 
000125 2.350000 0.998264410199 0.062481232822 0.056531073030 0.345052608260 0.312192850806 0.236326403338 
000125 2.370000 0.998283838934 0.061781798371 0.055939150929 0.347022183268 0.314204616854 0.238431114624 
000125 2.390000 0.998302853602 0.061097270341 0.055359179998 0.348993717916 0.316217172067 0.240538060007 
000125 2.410000 0.998321466987 0.060427188464 0.054790813292 0.350967153317 0.318230522681 0.242647427705 
000125 2.430000 0.998339691298 0.059771113270 0.054233717166 0.352942446746 0.320244676495 0.244759445153 
000125 2.450000 0.998357538187 0.059128625275 0.053687570702 0.354919573210 0.322259643141 0.246874379352 
000125 2.470000 0.998375018775 0.058499324104 0.053152065162 0.356898526427 0.324275434346 0.248992535556 
000125 2.490000 0.998392143679 0.057882827546 0.052626903462 0.358879319071 0.326292064157 0.251114253454 
000125 2.510000 0.998408923041 0.057278770530 0.052111799673 0.360861982216 0.328309549122 0.253239900087 
000125 2.530000 0.998425366555 0.056686804037 0.051606478524 0.362846563963 0.330327908382 0.255369859126 
000125 2.550000 0.998441483501 0.056106593971 0.051110674921 0.364833127297 0.332347163674 0.257504516751 
000125 2.570000 0.998457282778 0.055537819998 0.050624133477 0.366821747306 0.334367339204 0.259644245061 
000125 2.590000 0.998472772933 0.054980174408 0.050146608040 0.368812507946 0.336388461391 0.261789384611 
000125 2.610000 0.998487962194 0.054433361015 0.049677861231 0.370805498572 0.338410558494 0.263940227923 
000125 2.630000 0.998502858496 0.053897094140 0.049217664001 0.372800810458 0.340433660131 0.266097005865 
000125 2.650000 0.998517469509 0.053371097691 0.048765795192 0.374798533534 0.342457796732 0.268259878280 
000125 2.670000 0.998531802657 0.052855104364 0.048322041123 0.376798753499 0.344482998962 0.270428929673 
000125 2.690000 0.998545865140 0.052348854969 0.047886195208 0.378801549438 0.346509297143 0.272604169950 
000125 2.710000 0.998559663948 0.051852097877 0.047458057588 0.380806992015 0.348536720735 0.274785539606 
000125 2.730000 0.998573205873 0.051364588581 0.047037434807 0.382815142238 0.350565297875 0.276972918277 
000125 2.750000 0.998586497518 0.050886089358 0.046624139506 0.384826050772 0.352595055012 0.279166135414 
000125 2.770000 0.998599545305 0.050416369005 0.046217990151 0.386839757735 0.354626016633 0.281364981825 
000125 2.790000 0.998612355482 0.049955202642 0.045818810791 0.388856292888 0.356658205081 0.283569221073 
000125 2.810000 0.998624934123 0.049502371567 0.045426430829 0.390875676127 0.358691640465 0.285778599940 
000125 2.830000 0.998637287135 0.049057663125 0.045040684817 0.392897918200 0.360726340634 0.287992857494 
000125 2.850000 0.998649420261 0.048620870613 0.044661412277 0.394923021557 0.362762321217 0.290211732542 
000125 2.870000 0.998661339078 0.048191793184 0.044288457514 0.396950981274 0.364799595700 0.292434969435 
000125 2.890000 0.998673049007 0.047770235749 0.043921669466 0.398981785998 0.366838175549 0.294662322369 
000125 2.910000 0.998684555309 0.047356008889 0.043560901540 0.401015418872 0.368878070334 0.296893558344 
000125 2.930000 0.998695863090 0.046948928748 0.043206011472 0.403051858409 0.370919287887 0.299128459040 
000125 2.950000 0.998706977308 0.046548816927 0.042856861183 0.405091079306 0.372961834444 0.301366821808 
000125 2.970000 0.998717902768 0.046155500366 0.042513316646 0.407133053182 0.375005714801 0.303608460015 
000125 2.990000 0.998728644133 0.045768811224 0.042175247755 0.409177749227 0.377050932458 0.305853202884 
000125 3.010000 0.998739205924 0.045388586747 0.041842528202 0.411225134788 0.379097489759 0.308100895014 
000125 3.030000 0.998749592524 0.045014669135 0.041515035347 0.413275175864 0.381145388021 0.310351395661 
000125 3.050000 0.998759808183 0.044646905406 0.041192650111 0.415327837540 0.383194627654 0.312604577890 
000125 3.070000 0.998769857021 0.044285147254 0.040875256849 0.417383084350 0.385245208276 0.314860327655 
000125 3.090000 0.998779743030 0.043929250907 0.040562743248 0.419440880586 0.387297128810 0.317118542848 
000125 3.110000 0.998789470084 0.043579076990 0.040255000215 0.421501190551 0.389350387575 0.319379132364 
000125 3.130000 0.998799041934 0.043234490377 0.039951921769 0.423563978771 0.391404982376 0.321642015184 
000125 3.150000 0.998808462221 0.042895360057 0.039653404945 0.425629210164 0.393460910570 0.323907119509 
000125 3.170000 0.998817734472 0.042561558995 0.039359349694 0.427696850180 0.395518169138 0.326174381938 
000125 3.190000 0.998826862111 0.042232963994 0.039069658783 0.429766864902 0.397576754744 0.328443746707 
000125 3.210000 0.998835848456 0.041909455570 0.038784237710 0.431839221135 0.399636663789 0.330715164978 
000125 3.230000 0.998844696727 0.041590917814 0.038502994609 0.433913886465 0.401697892456 0.332988594190 
000125 3.250000 0.998853410048 0.041277238278 0.038225840166 0.435990829306 0.403760436755 0.335263997454 
000125 3.270000 0.998861991449 0.040968307842 0.037952687536 0.438070018929 0.405824292558 0.337541343014 
000125 3.290000 0.998870443872 0.040664020610 0.037683452262 0.440151425480 0.407889455634 0.339820603738 
000125 3.310000 0.998878770173 0.040364273783 0.037418052197 0.442235019992 0.409955921678 0.342101756673 
000125 3.330000 0.998886973123 0.040068967561 0.037156407429 0.444320774385 0.412023686336 0.344384782624 
000125 3.350000 0.998895055416 0.039778005031 0.036898440207 0.446408661458 0.414092745226 0.346669665787 
000125 3.370000 0.998903019665 0.039491292068 0.036644074876 0.448498654883 0.416163093960 0.348956393404 
000125 3.390000 0.998910868410 0.039208737236 0.036393237804 0.450590729190 0.418234728163 0.351244955462 
000125 3.410000 0.998918604120 0.038930251696 0.036145857318 0.452684859748 0.420307643481 0.353535344410 
000125 3.430000 0.998926229191 0.038655749114 0.035901863646 0.454781022748 0.422381835604 0.355827554910 
000125 3.450000 0.998933745956 0.038385145573 0.035661188848 0.456879195182 0.424457300268 0.358121583610 
000125 3.470000 0.998941156681 0.038118359493 0.035423766768 0.458979354820 0.426534033271 0.360417428940 
000125 3.490000 0.998948463568 0.037855311548 0.035189532966 0.461081480187 0.428612030478 0.362715090922 
000125 3.510000 0.998955668761 0.037595924590 0.034958424674 0.463185550544 0.430691287830 0.365014571008 
000125 3.530000 0.998962774345 0.037340123575 0.034730380739 0.465291545859 0.432771801347 0.367315871921 
000125 3.550000 0.998969782347 0.037087835492 0.034505341570 0.467399446788 0.434853567137 0.369618997523 
000125 3.570000 0.998976694742 0.036838989294 0.034283249096 0.469509234652 0.436936581399 0.371923952685 
000125 3.590000 0.998983513449 0.036593515833 0.034064046712 0.471620891413 0.439020840423 0.374230743177 
000125 3.610000 0.998990240339 0.036351347799 0.033847679238 0.473734399653 0.441106340597 0.376539375561 
000125 3.630000 0.998996877232 0.036112419655 0.033634092875 0.475849742554 0.443193078405 0.378849857102 
000125 3.650000 0.999003425900 0.035876667583 0.033423235161 0.477966903873 0.445281050432 0.381162195678 
000125 3.670000 0.999009888072 0.035644029425 0.033215054931 0.480085867927 0.447370253364 0.383476399701 
000125 3.690000 0.999016265427 0.035414444633 0.033009502279 0.482206619573 0.449460683987 0.385792478050 
000125 3.710000 0.999022559605 0.035187854214 0.032806528519 0.484329144182 0.451552339188 0.388110440001 
000125 3.730000 0.999028772203 0.034964200679 0.032606086147 0.486453427632 0.453645215955 0.390430295170 
000125 3.750000 0.999034904778 0.034743428002 0.032408128809 0.488579456280 0.455739311378 0.392752053455 
000125 3.770000 0.999040958845 0.034525481566 0.032212611265 0.490707216952 0.457834622645 0.395075724985 
000125 3.790000 0.999046935885 0.034310308124 0.032019489355 0.492836696924 0.459931147043 0.397401320076 
000125 3.810000 0.999052837340 0.034097855754 0.031828719970 0.494967883904 0.462028881956 0.399728849183 
000125 3.830000 0.999058664616 0.033888073818 0.031640261019 0.497100766023 0.464127824866 0.402058322862 
000125 3.850000 0.999064419085 0.033680912924 0.031454071401 0.499235331812 0.466227973348 0.404389751733 
000125 3.870000 0.999070102086 0.033476324887 0.031270110975 0.501371570195 0.468329325068 0.406723146441 
000125 3.890000 0.999075714925 0.033274262691 0.031088340534 0.503509470470 0.470431877787 0.409058517629 
000125 3.910000 0.999081258876 0.033074680457 0.030908721774 0.505649022300 0.472535629352 0.411395875902 
000125 3.930000 0.999086735183 0.032877533406 0.030731217275 0.507790215696 0.474640577698 0.413735231799 
000125 3.950000 0.999092145060 0.032682777825 0.030555790472 0.509933041010 0.476746720843 0.416076595770 
000125 3.970000 0.999097489693 0.032490371039 0.030382405630 0.512077488915 0.478854056890 0.418419978146 
000125 3.990000 0.999102770239 0.032300271380 0.030211027821 0.514223550403 0.480962584020 0.420765389115 
000125 4.010000 0.999107987829 0.032112438154 0.030041622906 0.516371216766 0.483072300493 0.423112838702 
000125 4.030000 0.999113143566 0.031926831616 0.029874157506 0.518520479588 0.485183204644 0.425462336744 
000125 4.050000 0.999118238529 0.031743412939 0.029708598987 0.520671330735 0.487295294881 0.427813892874 
000125 4.070000 0.999123273772 0.031562144193 0.029544915435 0.522823762346 0.489408569682 0.430167516495 
000125 4.090000 0.999128250325 0.031382988314 0.029383075639 0.524977766817 0.491523027593 0.432523216766 
000125 4.110000 0.999133169192 0.031205909082 0.029223049072 0.527133336800 0.493638667226 0.434881002584 
000125 4.130000 0.999138031358 0.031030871095 0.029064805871 0.529290465186 0.495755487254 0.437240882564 
000125 4.150000 0.999142837785 0.030857839750 0.028908316819 0.531449145102 0.497873486412 0.439602865026 
000125 4.170000 0.999147589411 0.030686781217 0.028753553330 0.533609369898 0.499992663492 0.441966957978 
000125 4.190000 0.999152287155 0.030517662416 0.028600487428 0.535771133138 0.502113017340 0.444333169101 
000125 4.210000 0.999156931917 0.030350451002 0.028449091737 0.537934428597 0.504234546854 0.446701505735 
000125 4.230000 0.999161524574 0.030185115339 0.028299339458 0.540099250246 0.506357250984 0.449071974864 
000125 4.250000 0.999166065987 0.030021624484 0.028151204358 0.542265592250 0.508481128724 0.451444583107 
000125 4.270000 0.999170556995 0.029859948168 0.028004660757 0.544433448957 0.510606179113 0.453819336701 
000125 4.290000 0.999174998423 0.029700056775 0.027859683507 0.546602814889 0.512732401233 0.456196241492 
000125 4.310000 0.999179391074 0.029541921326 0.027716247986 0.548773684741 0.514859794205 0.458575302922 
000125 4.330000 0.999183735737 0.029385513463 0.027574330077 0.550946053367 0.516988357185 0.460956526017 
000125 4.350000 0.999188033182 0.029230805431 0.027433906163 0.553119915776 0.519118089363 0.463339915382 
000125 4.370000 0.999192284165 0.029077770064 0.027294953106 0.555295267128 0.521248989961 0.465725475183 
000125 4.390000 0.999196489423 0.028926380764 0.027157448240 0.557472102722 0.523381058229 0.468113209145 
000125 4.410000 0.999200649681 0.028776611494 0.027021369360 0.559650417994 0.525514293445 0.470503120538 
000125 4.430000 0.999204765646 0.028628436757 0.026886694705 0.561830208508 0.527648694908 0.472895212171 
000125 4.450000 0.999208838012 0.028481831585 0.026753402951 0.564011469953 0.529784261939 0.475289486384 
000125 4.470000 0.999212867458 0.028336771523 0.026621473201 0.566194198134 0.531920993877 0.477685945039 
000125 4.490000 0.999216854649 0.028193232621 0.026490884970 0.568378388967 0.534058890079 0.480084589514 
000125 4.510000 0.999220800239 0.028051191414 0.026361618179 0.570564038477 0.536197949914 0.482485420694 
000125 4.530000 0.999224704864 0.027910624913 0.026233653142 0.572751142787 0.538338172762 0.484888438969 
000125 4.550000 0.999228569150 0.027771510596 0.026106970560 0.574939698116 0.540479558012 0.487293644224 
000125 4.570000 0.999232393711 0.027633826390 0.025981551507 0.577129700774 0.542622105060 0.489701035836 
000125 4.590000 0.999236179148 0.027497550665 0.025857377424 0.579321147156 0.544765813306 0.492110612667 
000125 4.610000 0.999239926049 0.027362662219 0.025734430110 0.581514033739 0.546910682151 0.494522373060 
000125 4.630000 0.999243634992 0.027229140271 0.025612691714 0.583708357073 0.549056710996 0.496936314838 
000125 4.650000 0.999247306543 0.027096964448 0.025492144721 0.585904113781 0.551203899238 0.499352435293 
000125 4.670000 0.999250941256 0.026966114777 0.025372771954 0.588101300553 0.553352246272 0.501770731188 
000125 4.690000 0.999254539676 0.026836571671 0.025254556557 0.590299914141 0.555501751482 0.504191198754 
000125 4.710000 0.999258102335 0.026708315927 0.025137481991 0.592499951355 0.557652414246 0.506613833683 
000125 4.730000 0.999261629758 0.026581328708 0.025021532029 0.594701409060 0.559804233928 0.509038631129 
000125 4.750000 0.999265122457 0.026455591542 0.024906690743 0.596904284171 0.561957209879 0.511465585703 
000125 4.770000 0.999268580936 0.026331086308 0.024792942501 0.599108573649 0.564111341436 0.513894691477 
000125 4.790000 0.999272005688 0.026207795228 0.024680271962 0.601314274498 0.566266627917 0.516325941972 
000125 4.810000 0.999275397198 0.026085700864 0.024568664063 0.603521383761 0.568423068619 0.518759330168 
000125 4.830000 0.999278755942 0.025964786103 0.024458104018 0.605729898517 0.570580662821 0.521194848494 
000125 4.850000 0.999282082385 0.025845034154 0.024348577310 0.607939815877 0.572739409776 0.523632488833 
000125 4.870000 0.999285376985 0.025726428537 0.024240069685 0.610151132980 0.574899308711 0.526072242518 
000125 4.890000 0.999288640192 0.025608953082 0.024132567145 0.612363846991 0.577060358829 0.528514100334 
000125 4.910000 0.999291872447 0.025492591913 0.024026055944 0.614577955099 0.579222559300 0.530958052515 
000125 4.930000 0.999295074182 0.025377329448 0.023920522580 0.616793454510 0.581385909266 0.533404088749 
000125 4.950000 0.999298245822 0.025263150391 0.023815953794 0.619010342448 0.583550407837 0.535852198171 
000125 4.970000 0.999301387786 0.025150039721 0.023712336558 0.621228616151 0.585716054087 0.538302369371 
000125 4.990000 0.999304500481 0.025037982694 0.023609658076 0.623448272868 0.587882847054 0.540754590387 
000125 5.010000 0.999307584310 0.024926964827 0.023507905775 0.625669309855 0.590050785740 0.543208848714 
000125 5.030000 0.999310639669 0.024816971901 0.023407067302 0.627891724376 0.592219869109 0.545665131297 
000125 5.050000 0.999313666946 0.024707989950 0.023307130520 0.630115513696 0.594390096081 0.548123424537 
000125 5.070000 0.999316666521 0.024600005255 0.023208083499 0.632340675082 0.596561465537 0.550583714290 
000125 5.090000 0.999319638768 0.024493004342 0.023109914518 0.634567205799 0.598733976313 0.553045985866 
000125 5.110000 0.999322584056 0.024386973974 0.023012612053 0.636795103110 0.600907627201 0.555510224034 
000125 5.130000 0.999325502746 0.024281901146 0.022916164782 0.639024364271 0.603082416945 0.557976413023 
000125 5.150000 0.999328395192 0.024177773081 0.022820561570 0.641254986528 0.605258344243 0.560444536517 
000125 5.170000 0.999331261744 0.024074577222 0.022725791475 0.643486967120 0.607435407743 0.562914577663 
000125 5.190000 0.999334102743 0.023972301234 0.022631843735 0.645720303273 0.609613606042 0.565386519071 
000125 5.210000 0.999336918528 0.023870932991 0.022538707774 0.647954992198 0.611792937686 0.567860342809 
000125 5.230000 0.999339709428 0.023770460576 0.022446373188 0.650191031091 0.613973401168 0.570336030412 
000125 5.250000 0.999342475770 0.023670872277 0.022354829748 0.652428417130 0.616154994927 0.572813562876 
000125 5.270000 0.999345217873 0.023572156580 0.022264067395 0.654667147476 0.618337717346 0.575292920666 
000125 5.290000 0.999347936051 0.023474302167 0.022174076234 0.656907219264 0.620521566750 0.577774083708 
000125 5.310000 0.999350630614 0.023377297910 0.022084846536 0.659148629611 0.622706541410 0.580257031396 
000125 5.330000 0.999353301865 0.023281132871 0.021996368727 0.661391375608 0.624892639533 0.582741742591 
000125 5.350000 0.999355950103 0.023185796290 0.021908633392 0.663635454321 0.627079859271 0.585228195617 
000125 5.370000 0.999358575622 0.023091277592 0.021821631268 0.665880862786 0.629268198712 0.587716368267 
000125 5.390000 0.999361178712 0.022997566373 0.021735353241 0.668127598014 0.631457655881 0.590206237799 
000125 5.410000 0.999363759655 0.022904652403 0.021649790343 0.670375656984 0.633648228741 0.592697780936 
000125 5.430000 0.999366318733 0.022812525620 0.021564933752 0.672625036643 0.635839915192 0.595190973865 
000125 5.450000 0.999368856219 0.022721176127 0.021480774786 0.674875733908 0.638032713067 0.597685792236 
000125 5.470000 0.999371372384 0.022630594189 0.021397304898 0.677127745659 0.640226620131 0.600182211162 
000125 5.490000 0.999373867494 0.022540770228 0.021314515681 0.679381068742 0.642421634085 0.602680205214 
000125 5.510000 0.999376341810 0.022451694822 0.021232398858 0.681635699968 0.644617752560 0.605179748421 
000125 5.530000 0.999378795592 0.022363358701 0.021150946281 0.683891636107 0.646814973117 0.607680814268 
000125 5.550000 0.999381229090 0.022275752744 0.021070149931 0.686148873894 0.649013293249 0.610183375690 
000125 5.570000 0.999383642556 0.022188867974 0.020990001914 0.688407410021 0.651212710374 0.612687405073 
000125 5.590000 0.999386036234 0.022102695560 0.020910494457 0.690667241141 0.653413221842 0.615192874246 
000125 5.610000 0.999388410366 0.022017226809 0.020831619909 0.692928363864 0.655614824926 0.617699754477 
000125 5.630000 0.999390765190 0.021932453166 0.020753370734 0.695190774758 0.657817516828 0.620208016469 
000125 5.650000 0.999393100939 0.021848366210 0.020675739515 0.697454470347 0.660021294672 0.622717630357 
000125 5.670000 0.999395417843 0.021764957653 0.020598718946 0.699719447107 0.662226155509 0.625228565696 
000125 5.690000 0.999397716130 0.021682219337 0.020522301831 0.701985701470 0.664432096310 0.627740791457 
000125 5.710000 0.999399996021 0.021600143228 0.020446481086 0.704253229822 0.666639113969 0.630254276021 
000125 5.730000 0.999402257738 0.021518721420 0.020371249731 0.706522028499 0.668847205303 0.632768987167 
000125 5.750000 0.999404501497 0.021437946126 0.020296600894 0.708792093788 0.671056367046 0.635284892065 
000125 5.770000 0.999406727509 0.021357809681 0.020222527802 0.711063421926 0.673266595851 0.637801957267 
000125 5.790000 0.999408935985 0.021278304536 0.020149023786 0.713336009100 0.675477888293 0.640320148692 
000125 5.810000 0.999411127132 0.021199423258 0.020076082274 0.715609851442 0.677690240858 0.642839431620 
000125 5.830000 0.999413301152 0.021121158526 0.020003696794 0.717884945035 0.679903649952 0.645359770673 
000125 5.850000 0.999415458246 0.021043503131 0.019931860966 0.720161285903 0.682118111893 0.647881129804 
000125 5.870000 0.999417598612 0.020966449971 0.019860568505 0.722438870018 0.684333622916 0.650403472284 
000125 5.890000 0.999419722443 0.020889992053 0.019789813219 0.724717693295 0.686550179164 0.652926760680 
000125 5.910000 0.999421829931 0.020814122486 0.019719589004 0.726997751591 0.688767776695 0.655450956844 
000125 5.930000 0.999423921264 0.020738834483 0.019649889847 0.729279040704 0.690986411473 0.657976021887 
000125 5.950000 0.999425996629 0.020664121358 0.019580709819 0.731561556374 0.693206079374 0.660501916167 
000125 5.970000 0.999428056208 0.020589976524 0.019512043079 0.733845294279 0.695426776179 0.663028599258 
000125 5.990000 0.999430100181 0.020516393489 0.019443883868 0.736130250034 0.697648497575 0.665556029935 
000125 6.010000 0.999432128726 0.020443365860 0.019376226510 0.738416419192 0.699871239156 0.668084166143 
000125 6.030000 0.999434142019 0.020370887333 0.019309065409 0.740703797240 0.702094996415 0.670612964973 
000125 6.050000 0.999436140231 0.020298951700 0.019242395048 0.742992379600 0.704319764748 0.673142382629 
000125 6.070000 0.999438123532 0.020227552840 0.019176209990 0.745282161625 0.706545539451 0.675672374405 
000125 6.090000 0.999440092091 0.020156684721 0.019110504871 0.747573138600 0.708772315716 0.678202894645 
000125 6.110000 0.999442046072 0.020086341399 0.019045274406 0.749865305737 0.711000088634 0.680733896708 
000125 6.130000 0.999443985639 0.020016517014 0.018980513379 0.752158658177 0.713228853187 0.683265332935 
000125 6.150000 0.999445910950 0.019947205790 0.018916216650 0.754453190987 0.715458604252 0.685797154604 
000125 6.170000 0.999447822166 0.019878402033 0.018852379149 0.756748899156 0.717689336592 0.688329311890 
000125 6.190000 0.999449719441 0.019810100130 0.018788995875 0.759045777595 0.719921044862 0.690861753818 
000125 6.210000 0.999451602929 0.019742294547 0.018726061897 0.761343821135 0.722153723599 0.693394428214 
000125 6.230000 0.999453472783 0.019674979827 0.018663572349 0.763643024524 0.724387367225 0.695927281651 
000125 6.250000 0.999455329150 0.019608150590 0.018601522433 0.765943382422 0.726621970042 0.698460259398 
000125 6.270000 0.999457172180 0.019541801531 0.018539907415 0.768244889405 0.728857526229 0.700993305356 
000125 6.290000 0.999459002016 0.019475927418 0.018478722626 0.770547539954 0.731094029840 0.703526361998 
000125 6.310000 0.999460818803 0.019410523091 0.018417963457 0.772851328459 0.733331474801 0.706059370301 
000125 6.330000 0.999462622682 0.019345583463 0.018357625363 0.775156249210 0.735569854905 0.708592269671 
000125 6.350000 0.999464413791 0.019281103513 0.018297703858 0.777462296399 0.737809163812 0.711124997873 
000125 6.370000 0.999466192270 0.019217078291 0.018238194516 0.779769464112 0.740049395042 0.713657490944 
000125 6.390000 0.999467958252 0.019153502914 0.018179092968 0.782077746325 0.742290541974 0.716189683110 
000125 6.410000 0.999469711873 0.019090372563 0.018120394904 0.784387136905 0.744532597839 0.718721506693 
000125 6.430000 0.999471453264 0.019027682486 0.018062096068 0.786697629599 0.746775555718 0.721252892012 
000125 6.450000 0.999473182556 0.018965427992 0.018004192261 0.789009218032 0.749019408536 0.723783767280 
000125 6.470000 0.999474899876 0.018903604454 0.017946679337 0.791321895701 0.751264149061 0.726314058493 
000125 6.490000 0.999476605353 0.018842207307 0.017889553204 0.793635655971 0.753509769893 0.728843689311 
000125 6.510000 0.999478299110 0.018781232042 0.017832809820 0.795950492067 0.755756263462 0.731372580935 
000125 6.530000 0.999479981272 0.018720674213 0.017776445198 0.798266397067 0.758003622024 0.733900651972 
000125 6.550000 0.999481651960 0.018660529431 0.017720455397 0.800583363897 0.760251837650 0.736427818292 
000125 6.570000 0.999483311296 0.018600793360 0.017664836527 0.802901385322 0.762500902225 0.738953992879 
000125 6.590000 0.999484959397 0.018541461725 0.017609584749 0.805220453937 0.764750807439 0.741479085673 
000125 6.610000 0.999486596381 0.018482530301 0.017554696267 0.807540562158 0.767001544778 0.744003003393 
000125 6.630000 0.999488222363 0.018423994918 0.017500167335 0.809861702216 0.769253105519 0.746525649364 
000125 6.650000 0.999489837459 0.018365851459 0.017445994250 0.812183866142 0.771505480724 0.749046923321 
000125 6.670000 0.999491441782 0.018308095857 0.017392173356 0.814507045756 0.773758661223 0.751566721204 
000125 6.690000 0.999493035442 0.018250724095 0.017338701040 0.816831232660 0.776012637618 0.754084934946 
000125 6.710000 0.999494618550 0.018193732206 0.017285573732 0.819156418220 0.778267400260 0.756601452239 
000125 6.730000 0.999496191215 0.018137116271 0.017232787904 0.821482593550 0.780522939248 0.759116156295 
000125 6.750000 0.999497753544 0.018080872417 0.017180340070 0.823809749504 0.782779244417 0.761628925583 
000125 6.770000 0.999499305644 0.018024996818 0.017128226783 0.826137876653 0.785036305324 0.764139633562 
000125 6.790000 0.999500847620 0.017969485691 0.017076444638 0.828466965269 0.787294111236 0.766648148386 
000125 6.810000 0.999502379575 0.017914335300 0.017024990267 0.830797005307 0.789552651121 0.769154332602 
000125 6.830000 0.999503901613 0.017859541948 0.016973860340 0.833127986380 0.791811913632 0.771658042825 
000125 6.850000 0.999505413834 0.017805101982 0.016923051566 0.835459897741 0.794071887091 0.774159129399 
000125 6.870000 0.999506916339 0.017751011788 0.016872560687 0.837792728255 0.796332559480 0.776657436035 
000125 6.890000 0.999508409228 0.017697267792 0.016822384483 0.840126466372 0.798593918419 0.779152799430 
000125 6.910000 0.999509892598 0.017643866460 0.016772519768 0.842461100099 0.800855951151 0.781645048875 
000125 6.930000 0.999511366547 0.017590804290 0.016722963390 0.844796616968 0.803118644528 0.784134005829 
000125 6.950000 0.999512831172 0.017538077822 0.016673712230 0.847133004002 0.805381984986 0.786619483484 
000125 6.970000 0.999514286566 0.017485683626 0.016624763200 0.849470247675 0.807645958531 0.789101286307 
000125 6.990000 0.999515732825 0.017433618308 0.016576113244 0.851808333873 0.809910550716 0.791579209557 
000125 7.010000 0.999517170042 0.017381878504 0.016527759337 0.854147247851 0.812175746617 0.794053038791 
000125 7.030000 0.999518598309 0.017330460882 0.016479698484 0.856486974183 0.814441530815 0.796522549348 
000125 7.050000 0.999520017718 0.017279362139 0.016431927717 0.858827496707 0.816707887368 0.798987505812 
000125 7.070000 0.999521428361 0.017228579000 0.016384444098 0.861168798474 0.818974799785 0.801447661467 
000125 7.090000 0.999522830327 0.017178108217 0.016337244714 0.863510861681 0.821242251005 0.803902757740 
000125 7.110000 0.999524223706 0.017127946566 0.016290326680 0.865853667603 0.823510223361 0.806352523624 
000125 7.130000 0.999525608588 0.017078090846 0.016243687136 0.868197196521 0.825778698559 0.808796675115 
000125 7.150000 0.999526985059 0.017028537877 0.016197323246 0.870541427641 0.828047657643 0.811234914636 
000125 7.170000 0.999528353208 0.016979284501 0.016151232198 0.872886339005 0.830317080965 0.813666930475 
000125 7.190000 0.999529713123 0.016930327576 0.016105411204 0.875231907397 0.832586948154 0.816092396243 
000125 7.210000 0.999531064890 0.016881663975 0.016059857496 0.877578108237 0.834857238079 0.818510970357 
000125 7.230000 0.999532408595 0.016833290586 0.016014568329 0.879924915467 0.837127928818 0.820922295562 
000125 7.250000 0.999533744325 0.016785204308 0.015969540977 0.882272301430 0.839398997622 0.823325998517 
000125 7.270000 0.999535072165 0.016737402049 0.015924772735 0.884620236731 0.841670420878 0.825721689450 
000125 7.290000 0.999536392202 0.016689880722 0.015880260915 0.886968690095 0.843942174074 0.828108961912 
000125 7.310000 0.999537704521 0.016642637247 0.015836002848 0.889317628201 0.846214231765 0.830487392660 
000125 7.330000 0.999539009207 0.016595668542 0.015791995882 0.891667015515 0.848486567532 0.832856541683 
000125 7.350000 0.999540306347 0.016548971523 0.015748237382 0.894016814097 0.850759153953 0.835215952434 
000125 7.370000 0.999541596025 0.016502543102 0.015704724728 0.896366983399 0.853031962565 0.837565152283 
000125 7.390000 0.999542878328 0.016456380180 0.015661455316 0.898717480042 0.855304963836 0.839903653255 
000125 7.410000 0.999544153343 0.016410479648 0.015618426555 0.901068257581 0.857578127134 0.842230953105 
000125 7.430000 0.999545421156 0.016364838379 0.015575635871 0.903419266240 0.859851420702 0.844546536793 
000125 7.450000 0.999546681855 0.016319453225 0.015533080702 0.905770452646 0.862124811641 0.846849878425 
000125 7.470000 0.999547935527 0.016274321015 0.015490758498 0.908121759521 0.864398265895 0.849140443748 
000125 7.490000 0.999549182263 0.016229438546 0.015448666727 0.910473125376 0.866671748243 0.851417693281 
000125 7.510000 0.999550422150 0.016184802583 0.015406802866 0.912824484168 0.868945222304 0.853681086175 
000125 7.530000 0.999551655282 0.016140409852 0.015365164407 0.915175764950 0.871218650553 0.855930084910 
000125 7.550000 0.999552881749 0.016096257033 0.015323748859 0.917526891500 0.873491994346 0.858164160927 
000125 7.570000 0.999554101646 0.016052340759 0.015282553743 0.919877781935 0.875765213967 0.860382801315 
000125 7.590000 0.999555315066 0.016008657607 0.015241576596 0.922228348316 0.878038268688 0.862585516639 
000125 7.610000 0.999556522108 0.015965204098 0.015200814974 0.924578496254 0.880311116856 0.864771850035 
000125 7.630000 0.999557722870 0.015921976686 0.015160266452 0.926928124509 0.882583715998 0.866941387622 
000125 7.650000 0.999558917451 0.015878971756 0.015119928625 0.929277124610 0.884856022960 0.869093770322 
000125 7.670000 0.999560105955 0.015836185625 0.015079799114 0.931625380501 0.887127994072 0.871228707074 
000125 7.690000 0.999561288485 0.015793614530 0.015039875564 0.933972768229 0.889399585351 0.873345989444 
000125 7.710000 0.999562465149 0.015751254636 0.015000155654 0.936319155693 0.891670752738 0.875445507511 
000125 7.730000 0.999563636055 0.015709102027 0.014960637097 0.938664402488 0.893941452374 0.877527266858 
000125 7.750000 0.999564801314 0.015667152714 0.014921317643 0.941008359862 0.896211640923 0.879591406387 
000125 7.770000 0.999565961038 0.015625402637 0.014882195090 0.943350870836 0.898481275930 0.881638216541 
000125 7.790000 0.999567115342 0.015583847672 0.014843267285 0.945691770515 0.900750316229 0.883668157429 
000125 7.810000 0.999568264343 0.015542483645 0.014804532132 0.948030886654 0.903018722384 0.885681876157 
000125 7.830000 0.999569408157 0.015501306344 0.014765987600 0.950368040523 0.905286457170 0.887680222611 
000125 7.850000 0.999570546902 0.015460311544 0.014727631727 0.952703048127 0.907553486090 0.889664262776 
000125 7.870000 0.999571680694 0.015419495032 0.014689462629 0.955035721860 0.909819777905 0.891635288666 
000125 7.890000 0.999572809649 0.015378852643 0.014651478507 0.957365872633 0.912085305188 0.893594823958 
000125 7.910000 0.999573933881 0.015338380302 0.014613677655 0.959693312548 0.914350044874 0.895544624516 
000125 7.930000 0.999575053498 0.015298074071 0.014576058462 0.962017858159 0.916613978793 0.897486673291 
000125 7.950000 0.999576168605 0.015257930214 0.014538619425 0.964339334345 0.918877094188 0.899423169397 
000125 7.970000 0.999577279298 0.015217945256 0.014501359146 0.966657578803 0.921139384177 0.901356511722 
000125 7.990000 0.999578385665 0.015178116061 0.014464276343 0.968972447125 0.923400848176 0.903289277963 
000125 8.010000 0.999579487780 0.015138439908 0.014427369849 0.971283818364 0.925661492250 0.905224200600 
000125 8.030000 0.999580585706 0.015098914578 0.014390638614 0.973591600980 0.927921329402 0.907164141760 
000125 8.050000 0.999581679488 0.015059538427 0.014354081707 0.975895738934 0.930180379798 0.909112069173 
000125 8.070000 0.999582769153 0.015020310475 0.014317698314 0.978196217680 0.932438670925 0.911071035214 
000125 8.090000 0.999583854709 0.014981230467 0.014281487739 0.980493069743 0.934696237716 0.913044160332 
000125 8.110000 0.999584936141 0.014942298930 0.014245449402 0.982786379483 0.936953122616 0.915034620953 
000125 8.130000 0.999586013411 0.014903517210 0.014209582834 0.985076286683 0.939209375645 0.917045640237 
000125 8.150000 0.999587086459 0.014864887479 0.014173887680 0.987362988561 0.941465054419 0.919080478288 
000125 8.170000 0.999588155202 0.014826412718 0.014138363691 0.989646739858 0.943720224157 0.921142416778 
000125 8.190000 0.999589219537 0.014788096666 0.014103010724 0.991927850789 0.945974957625 0.923234732140 
000125 8.210000 0.999590279341 0.014749943738 0.014067828737 0.994206682708 0.948229335003 0.925360651772 
000125 8.230000 0.999591334475 0.014711958908 0.014032817783 0.996483641553 0.950483443626 0.927523289464 
000125 8.250000 0.999592384790 0.014674147574 0.013997977999 0.998759169278 0.952737377535 0.929725559321 
000125 8.270000 0.999593430128 0.014636515394 0.013963309595 1.001033733665 0.954991236810 0.931970071450 
000125 8.290000 0.999594470330 0.014599068115 0.013928812842 1.003307817044 0.957245126638 0.934259016784 
000125 8.310000 0.999595505239 0.014561811404 0.013894488048 1.005581904528 0.959499156116 0.936594051714 
000125 8.330000 0.999596534703 0.014524750680 0.013860335541 1.007856472432 0.961753436794 0.938976194970 
000125 8.350000 0.999597558584 0.014487890960 0.013826355639 1.010131977488 0.964008081022 0.941405748829 
000125 8.370000 0.999598576757 0.014451236743 0.013792548631 1.012408847386 0.966263200164 0.943882254360 
000125 8.390000 0.999599589114 0.014414791902 0.013758914747 1.014687473045 0.968518902771 0.946404486428 
000125 8.410000 0.999600595566 0.014378559623 0.013725454138 1.016968202851 0.970775292813 0.948970489406 
000125 8.430000 0.999601596045 0.014342542365 0.013692166851 1.019251338947 0.973032468066 0.951577649903 
000125 8.450000 0.999602590504 0.014306741858 0.013659052816 1.021537135493 0.975290518727 0.954222799058 
000125 8.470000 0.999603578914 0.014271159112 0.013626111832 1.023825798719 0.977549526310 0.956902334629 
000125 8.490000 0.999604561265 0.014235794463 0.013593343556 1.026117488500 0.979809562860 0.959612352332 
000125 8.510000 0.999605537566 0.014200647626 0.013560747506 1.028412321122 0.982070690488 0.962348776513 
000125 8.530000 0.999606507840 0.014165717754 0.013528323058 1.030710372920 0.984332961209 0.965107481891 
000125 8.550000 0.999607472125 0.014131003515 0.013496069451 1.033011684477 0.986596417050 0.967884400344 
000125 8.570000 0.999608430468 0.014096503162 0.013463985796 1.035316265092 0.988861090384 0.970675609114 
000125 8.590000 0.999609382928 0.014062214602 0.013432071085 1.037624097299 0.991127004449 0.973477398953 
000125 8.610000 0.999610329570 0.014028135467 0.013400324205 1.039935141242 0.993394173985 0.976286322554 
000125 8.630000 0.999611270467 0.013994263171 0.013368743946 1.042249338791 0.995662605966 0.979099224894 
000125 8.650000 0.999612205695 0.013960594972 0.013337329017 1.044566617290 0.997932300368 0.981913257893 
000125 8.670000 0.999613135333 0.013927128013 0.013306078058 1.046886892902 1.000203250948 0.984725882209 
000125 8.690000 0.999614059462 0.013893859370 0.013274989651 1.049210073540 1.002475446003 0.987534859016 
000125 8.710000 0.999614978164 0.013860786081 0.013244062331 1.051536061358 1.004748869100 0.990338234425 
000125 8.730000 0.999615891523 0.013827905182 0.013213294596 1.053864754856 1.007023499746 0.993134318896 
000125 8.750000 0.999616799619 0.013795213722 0.013182684918 1.056196050611 1.009299314006 0.995921663635 
000125 8.770000 0.999617702534 0.013762708787 0.013152231746 1.058529844670 1.011576285054 0.998699035503 
000125 8.790000 0.999618600347 0.013730387511 0.013121933520 1.060866033650 1.013854383665 1.001465391694 
000125 8.810000 0.999619493137 0.013698247085 0.013091788671 1.063204515590 1.016133578635 1.004219855013 
000125 8.830000 0.999620380979 0.013666284770 0.013061795628 1.065545190571 1.018413837153 1.006961690385 
000125 8.850000 0.999621263947 0.013634497892 0.013031952825 1.067887961163 1.020695125110 1.009690282973 
000125 8.870000 0.999622142115 0.013602883854 0.013002258698 1.070232732716 1.022977407359 1.012405118097 
000125 8.890000 0.999623015552 0.013571440130 0.012972711695 1.072579413522 1.025260647926 1.015105763064 
000125 8.910000 0.999623884326 0.013540164267 0.012943310272 1.074927914880 1.027544810188 1.017791850868 
000125 8.930000 0.999624748503 0.013509053884 0.012914052899 1.077278151073 1.029829857006 1.020463065713 
000125 8.950000 0.999625608148 0.013478106667 0.012884938058 1.079630039284 1.032115750830 1.023119130223 
000125 8.970000 0.999626463323 0.013447320369 0.012855964248 1.081983499463 1.034402453776 1.025759794214 
000125 8.990000 0.999627314089 0.013416692805 0.012827129980 1.084338454146 1.036689927677 1.028384824883 
000125 9.010000 0.999628160504 0.013386221848 0.012798433780 1.086694828249 1.038978134115 1.030993998246 
000125 9.030000 0.999629002627 0.013355905427 0.012769874191 1.089052548844 1.041267034436 1.033587091716 
000125 9.050000 0.999629840513 0.013325741521 0.012741449769 1.091411544900 1.043556589746 1.036163877643 
000125 9.070000 0.999630674218 0.013295728154 0.012713159086 1.093771747030 1.045846760893 1.038724117744 
000125 9.090000 0.999631503795 0.013265863395 0.012685000725 1.096133087215 1.048137508446 1.041267558264 
000125 9.110000 0.999632329296 0.013236145350 0.012656973286 1.098495498525 1.050428792654 1.043793925820 
000125 9.130000 0.999633150773 0.013206572159 0.012629075378 1.100858914825 1.052720573405 1.046302923808 
000125 9.150000 0.999633968278 0.013177141993 0.012601305625 1.103223270492 1.055012810172 1.048794229336 
000125 9.170000 0.999634781860 0.013147853047 0.012573662659 1.105588500100 1.057305461958 1.051267490615 
000125 9.190000 0.999635591568 0.013118703541 0.012546145124 1.107954538121 1.059598487234 1.053722324775 
000125 9.210000 0.999636397452 0.013089691710 0.012518751674 1.110321318606 1.061891843874 1.056158316074 
000125 9.230000 0.999637199561 0.013060815806 0.012491480970 1.112688774863 1.064185489088 1.058575014503 
000125 9.250000 0.999637997942 0.013032074088 0.012464331680 1.115056839118 1.066479379351 1.060971934758 
000125 9.270000 0.999638792644 0.013003464822 0.012437302481 1.117425442177 1.068773470335 1.063348555630 
000125 9.290000 0.999639583715 0.012974986276 0.012410392054 1.119794513056 1.071067716833 1.065704319809 
000125 9.310000 0.999640371202 0.012946636716 0.012383599086 1.122163978622 1.073362072697 1.068038634153 
000125 9.330000 0.999641155156 0.012918414399 0.012356922267 1.124533763189 1.075656490760 1.070350870485 
000125 9.350000 0.999641935623 0.012890317574 0.012330360294 1.126903788122 1.077950922781 1.072640366975 
000125 9.370000 0.999642712654 0.012862344472 0.012303911862 1.129273971400 1.080245319377 1.074906430200 
000125 9.390000 0.999643486297 0.012834493305 0.012277575673 1.131644227172 1.082539629973 1.077148337981 
000125 9.410000 0.999644256604 0.012806762260 0.012251350427 1.134014465284 1.084833802749 1.079365343119 
000125 9.430000 0.999645023625 0.012779149493 0.012225234829 1.136384590779 1.087127784609 1.081556678159 
000125 9.450000 0.999645787413 0.012751653127 0.012199227582 1.138754503383 1.089421521150 1.083721561344 
000125 9.470000 0.999646548021 0.012724271243 0.012173327394 1.141124096954 1.091714956652 1.085859203918 
000125 9.490000 0.999647305503 0.012697001879 0.012147532971 1.143493258918 1.094008034084 1.087968818971 
000125 9.510000 0.999648059916 0.012669843020 0.012121843022 1.145861869674 1.096300695128 1.090049632010 
000125 9.530000 0.999648811317 0.012642792595 0.012096256261 1.148229801992 1.098592880228 1.092100893471 
000125 9.550000 0.999649559765 0.012615848473 0.012070771401 1.150596920387 1.100884528670 1.094121893360 
000125 9.570000 0.999650305321 0.012589008455 0.012045387162 1.152963080494 1.103175578690 1.096111978225 
000125 9.590000 0.999651048048 0.012562270270 0.012020102270 1.155328128444 1.105465967619 1.098070570623 
000125 9.610000 0.999651788012 0.012535631569 0.011994915460 1.157691900265 1.107755632076 1.099997191220 
000125 9.630000 0.999652525280 0.012509089923 0.011969825476 1.160054221307 1.110044508197 1.101891483589 
000125 9.650000 0.999653259922 0.012482642817 0.011944831077 1.162414905737 1.112332531925 1.103753241702 
000125 9.670000 0.999653992010 0.012456287649 0.011919931037 1.164773756114 1.114619639356 1.105582439987 
000125 9.690000 0.999654721619 0.012430021727 0.011895124155 1.167130563088 1.116905767137 1.107379265683 
000125 9.710000 0.999655448826 0.012403842273 0.011870409252 1.169485105263 1.119190852942 1.109144153039 
000125 9.730000 0.999656173710 0.012377746422 0.011845785182 1.171837149279 1.121474836002 1.110877818703 
000125 9.750000 0.999656896355 0.012351731231 0.011821250837 1.174186450165 1.123757657714 1.112581297378 
000125 9.770000 0.999657616842 0.012325793685 0.011796805150 1.176532752041 1.126039262307 1.114255976595 
000125 9.790000 0.999658335258 0.012299930713 0.011772447105 1.178875789243 1.128319597578 1.115903629170 
000125 9.810000 0.999659051689 0.012274139205 0.011748175744 1.181215287961 1.130598615676 1.117526441687 
000125 9.830000 0.999659766221 0.012248416038 0.011723990172 1.183550968476 1.132876273936 1.119127037190 
000125 9.850000 0.999660478942 0.012222758104 0.011699889569 1.185882548099 1.135152535741 1.120708490208 
000125 9.870000 0.999661189935 0.012197162350 0.011675873194 1.188209744891 1.137427371398 1.122274332354 
000125 9.890000 0.999661899283 0.012171625824 0.011651940394 1.190532282254 1.139700759003 1.123828547043 
000125 9.910000 0.999662607063 0.012146145730 0.011628090608 1.192849894453 1.141972685277 1.125375552471 
000125 9.930000 0.999663313348 0.012120719488 0.011604323379 1.195162333066 1.144243146349 1.126920172795 
000125 9.950000 0.999664018200 0.012095344808 0.011580638352 1.197469374375 1.146512148457 1.128467598505 
000125 9.970000 0.999664721673 0.012070019764 0.011557035284 1.199770827582 1.148779708555 1.130023338141 
000125 9.990000 0.999665423809 0.012044742878 0.011533514043 1.202066543692 1.151045854815 1.131593164571 
000125 10.010000 0.999666124633 0.012019513202 0.011510074611 1.204356424801 1.153310627009 1.133183059857 
