  1  1   0    3.373138e-03   -1.562338e-14  
  1  1   1   -1.346180e-07   -7.806412e-15  
  1  1   2   -1.591981e-09   -3.064034e-15  
  2  1   0    1.201763e-07    3.306667e-13  
  2  1   1    2.247590e-08    4.268303e-14  
  2  1   2    2.205283e-10   -4.652930e-15  
  3  1   0   -4.634664e-07    5.981648e-13  
  3  1   1    4.554605e-09    4.160628e-14  
  3  1   2   -1.516907e-11   -2.051918e-15  
  4  1   0    3.387673e-03    3.249161e-14  
  4  1   1    1.308723e-06    1.430134e-14  
  4  1   2    2.479499e-09    1.834287e-15  
